0.000000	7.214539
1.000000	7.214261
2.000000	7.214113
3.000000	7.214008
4.000000	7.213759
5.000000	7.213589
6.000000	7.213398
7.000000	7.213322
8.000000	7.213049
9.000000	7.212895
10.000000	7.212847
11.000000	7.212580
12.000000	7.212408
13.000000	7.212239
14.000000	7.212061
15.000000	7.212042
16.000000	7.211734
17.000000	7.211656
18.000000	7.211358
19.000000	7.211250
20.000000	7.211095
21.000000	7.210912
22.000000	7.210711
23.000000	7.210657
24.000000	7.210397
25.000000	7.210225
26.000000	7.210098
27.000000	7.209875
28.000000	7.209737
29.000000	7.209698
30.000000	7.209458
31.000000	7.209217
32.000000	7.209112
33.000000	7.208928
34.000000	7.208747
35.000000	7.208762
36.000000	7.208449
37.000000	7.208382
38.000000	7.208297
39.000000	7.208231
40.000000	7.208263
41.000000	7.208365
42.000000	7.208358
43.000000	7.208341
44.000000	7.208241
45.000000	7.208153
46.000000	7.208135
47.000000	7.207975
48.000000	7.207893
49.000000	7.207726
50.000000	7.207572
51.000000	7.207358
52.000000	7.207161
53.000000	7.207026
54.000000	7.206964
55.000000	7.206665
56.000000	7.206495
57.000000	7.206376
58.000000	7.206200
59.000000	7.206073
60.000000	7.205871
61.000000	7.205715
62.000000	7.205577
63.000000	7.205393
64.000000	7.205273
65.000000	7.205105
66.000000	7.204905
67.000000	7.204817
68.000000	7.204698
69.000000	7.204446
70.000000	7.204249
71.000000	7.204086
72.000000	7.203973
73.000000	7.203763
74.000000	7.203612
75.000000	7.203464
76.000000	7.203285
77.000000	7.203080
78.000000	7.203001
79.000000	7.202802
80.000000	7.202695
81.000000	7.202517
82.000000	7.202328
83.000000	7.202272
84.000000	7.202091
85.000000	7.201789
86.000000	7.201693
87.000000	7.201539
88.000000	7.201492
89.000000	7.201235
90.000000	7.201102
91.000000	7.200974
92.000000	7.200752
93.000000	7.200570
94.000000	7.200529
95.000000	7.200289
96.000000	7.200117
97.000000	7.199972
98.000000	7.199881
99.000000	7.199688
100.000000	7.199617
101.000000	7.199495
102.000000	7.199256
103.000000	7.199269
104.000000	7.198922
105.000000	7.198795
106.000000	7.198688
107.000000	7.198512
108.000000	7.198488
109.000000	7.198205
110.000000	7.198114
111.000000	7.197923
112.000000	7.197847
113.000000	7.197691
114.000000	7.197553
115.000000	7.197313
116.000000	7.197149
117.000000	7.197135
118.000000	7.196943
119.000000	7.196705
120.000000	7.196604
121.000000	7.196453
122.000000	7.196360
123.000000	7.196175
124.000000	7.195932
125.000000	7.195805
126.000000	7.195635
127.000000	7.195450
128.000000	7.195380
129.000000	7.195329
130.000000	7.194973
131.000000	7.194819
132.000000	7.194682
133.000000	7.194542
134.000000	7.194507
135.000000	7.194253
136.000000	7.194307
137.000000	7.194027
138.000000	7.193919
139.000000	7.193731
140.000000	7.193552
141.000000	7.193469
142.000000	7.193304
143.000000	7.193180
144.000000	7.193100
145.000000	7.193022
146.000000	7.192794
147.000000	7.192837
148.000000	7.192601
149.000000	7.192447
150.000000	7.192519
151.000000	7.192309
152.000000	7.192071
153.000000	7.192022
154.000000	7.191907
155.000000	7.191697
156.000000	7.191532
157.000000	7.191483
158.000000	7.191173
159.000000	7.191046
160.000000	7.190890
161.000000	7.190758
162.000000	7.190653
163.000000	7.190508
164.000000	7.190411
165.000000	7.190329
166.000000	7.190031
167.000000	7.189931
168.000000	7.189775
169.000000	5.295346
170.000000	6.205650
171.000000	7.189300
172.000000	7.189203
173.000000	7.189033
174.000000	7.188874
175.000000	7.188740
176.000000	7.188562
177.000000	7.188470
178.000000	7.188300
179.000000	7.188154
180.000000	7.188032
181.000000	7.187974
182.000000	7.187761
183.000000	7.187619
184.000000	7.187621
185.000000	7.187404
186.000000	7.187291
187.000000	7.187120
188.000000	7.187043
189.000000	7.186990
190.000000	7.186918
191.000000	7.186814
192.000000	7.186603
193.000000	7.186562
194.000000	7.186430
195.000000	7.186274
196.000000	7.186189
197.000000	7.186026
198.000000	7.185898
199.000000	7.185727
200.000000	7.185561
201.000000	7.185526
202.000000	7.185332
203.000000	7.185184
204.000000	7.185000
205.000000	7.184844
206.000000	7.184721
207.000000	7.184596
208.000000	7.184481
209.000000	7.184269
210.000000	7.184214
211.000000	7.184002
212.000000	7.183860
213.000000	7.183729
214.000000	7.183616
215.000000	7.183524
216.000000	7.183439
217.000000	7.183333
218.000000	7.183188
219.000000	7.183217
220.000000	7.183203
221.000000	7.183049
222.000000	7.182922
223.000000	7.182784
224.000000	7.182704
225.000000	7.182451
226.000000	7.182299
227.000000	7.182172
228.000000	7.182065
229.000000	7.182003
230.000000	7.181728
231.000000	7.181656
232.000000	7.181512
233.000000	7.181595
234.000000	7.181956
235.000000	7.182182
236.000000	7.182239
237.000000	7.182350
238.000000	7.182533
239.000000	7.182643
240.000000	7.184551
241.000000	7.191023
242.000000	7.198018
243.000000	7.203279
244.000000	7.207210
245.000000	7.210528
246.000000	7.213182
247.000000	7.215605
248.000000	7.217779
249.000000	7.219770
250.000000	7.221645
251.000000	7.223279
252.000000	7.224891
253.000000	7.226371
254.000000	7.227798
255.000000	7.229199
256.000000	7.230522
257.000000	7.231757
258.000000	7.232886
259.000000	7.234004
260.000000	7.235086
261.000000	7.236079
262.000000	7.237011
263.000000	7.237922
264.000000	7.238533
265.000000	7.239330
266.000000	7.239912
267.000000	7.240382
268.000000	7.240931
269.000000	7.241308
270.000000	7.241830
271.000000	7.242210
272.000000	7.242286
273.000000	7.242474
274.000000	7.242601
275.000000	7.242726
276.000000	7.242829
277.000000	7.242794
278.000000	7.242810
279.000000	7.242718
280.000000	7.242613
281.000000	7.242443
282.000000	7.242335
283.000000	7.242099
284.000000	7.241804
285.000000	7.241607
286.000000	7.241308
287.000000	7.241070
288.000000	7.240916
289.000000	7.240343
290.000000	7.240041
291.000000	7.239593
292.000000	7.239160
293.000000	7.238786
294.000000	7.238390
295.000000	7.237950
296.000000	7.237516
297.000000	7.236927
298.000000	7.236424
299.000000	7.236117
300.000000	7.235448
301.000000	7.234879
302.000000	7.234409
303.000000	7.233868
304.000000	7.233439
305.000000	7.232851
306.000000	7.232210
307.000000	7.231652
308.000000	7.231058
309.000000	7.230485
310.000000	7.229955
311.000000	7.229423
312.000000	7.228837
313.000000	7.228242
314.000000	7.227691
315.000000	7.227110
316.000000	7.226545
317.000000	7.225933
318.000000	7.225355
319.000000	7.224770
320.000000	7.224166
321.000000	7.223736
322.000000	7.222991
323.000000	7.222418
324.000000	7.221826
325.000000	7.221294
326.000000	7.220645
327.000000	7.220102
328.000000	7.219503
329.000000	7.218975
330.000000	7.218464
331.000000	7.217749
332.000000	7.217342
333.000000	7.216597
334.000000	7.216187
335.000000	7.215459
336.000000	7.214879
337.000000	7.214316
338.000000	7.213626
339.000000	7.213092
340.000000	7.212594
341.000000	7.211916
342.000000	7.211418
343.000000	7.210857
344.000000	7.210245
345.000000	7.209676
346.000000	7.209162
347.000000	7.208558
348.000000	7.207973
349.000000	7.207436
350.000000	7.206818
351.000000	7.206298
352.000000	7.205743
353.000000	7.205228
354.000000	7.204757
355.000000	7.204074
356.000000	7.203564
357.000000	7.203034
358.000000	7.202461
359.000000	7.201947
360.000000	7.201449
361.000000	7.200962
362.000000	7.200343
363.000000	7.199947
364.000000	7.199304
365.000000	7.198803
366.000000	7.198344
367.000000	7.197785
368.000000	7.197295
369.000000	7.196813
370.000000	7.196329
371.000000	7.195768
372.000000	7.195268
373.000000	7.194790
374.000000	7.194399
375.000000	7.193883
376.000000	7.193349
377.000000	7.192884
378.000000	7.192468
379.000000	7.191956
380.000000	7.191466
381.000000	7.191060
382.000000	7.190598
383.000000	7.190097
384.000000	7.189679
385.000000	7.189341
386.000000	7.188770
387.000000	7.188330
388.000000	7.187799
389.000000	7.187420
390.000000	7.186994
391.000000	7.186590
392.000000	7.186319
393.000000	7.185750
394.000000	7.185345
395.000000	7.184881
396.000000	7.184429
397.000000	7.184004
398.000000	7.183690
399.000000	7.183147
400.000000	7.182743
401.000000	7.182315
402.000000	7.181977
403.000000	7.181539
404.000000	7.181247
405.000000	7.180737
406.000000	7.180426
407.000000	7.180089
408.000000	7.179550
409.000000	7.179138
410.000000	7.178844
411.000000	7.178283
412.000000	7.177860
413.000000	7.177542
414.000000	7.177156
415.000000	7.176798
416.000000	7.176369
417.000000	7.176085
418.000000	7.175822
419.000000	7.175298
420.000000	7.174982
421.000000	7.174541
422.000000	7.174212
423.000000	7.173828
424.000000	7.173441
425.000000	7.173144
426.000000	7.172753
427.000000	7.172402
428.000000	7.172115
429.000000	7.171779
430.000000	7.171338
431.000000	7.171170
432.000000	7.170649
433.000000	7.170327
434.000000	7.169977
435.000000	7.169639
436.000000	7.169364
437.000000	7.169090
438.000000	7.168682
439.000000	7.168361
440.000000	7.168049
441.000000	7.167710
442.000000	7.167493
443.000000	7.167178
444.000000	7.166882
445.000000	7.166497
446.000000	7.166173
447.000000	7.165841
448.000000	7.165575
449.000000	7.165378
450.000000	7.165046
451.000000	7.164733
452.000000	7.164398
453.000000	7.164091
454.000000	7.163822
455.000000	7.163509
456.000000	7.163216
457.000000	7.162950
458.000000	7.162673
459.000000	7.162396
460.000000	7.162092
461.000000	7.161874
462.000000	7.161654
463.000000	7.161259
464.000000	7.160935
465.000000	7.160746
466.000000	7.160451
467.000000	7.160105
468.000000	7.159820
469.000000	7.159561
470.000000	7.159250
471.000000	7.158953
472.000000	7.158758
473.000000	7.158489
474.000000	7.158209
475.000000	7.157893
476.000000	7.157693
477.000000	7.157414
478.000000	7.157145
479.000000	7.156899
480.000000	7.156710
481.000000	7.156336
482.000000	7.156083
483.000000	7.155830
484.000000	7.155734
485.000000	7.155319
486.000000	7.155190
487.000000	7.154899
488.000000	7.154629
489.000000	7.154325
490.000000	7.154055
491.000000	7.153780
492.000000	7.153505
493.000000	7.153287
494.000000	7.153127
495.000000	7.152790
496.000000	7.152626
497.000000	7.152462
498.000000	7.152050
499.000000	7.151771
500.000000	7.151543
501.000000	7.151263
502.000000	7.151028
503.000000	7.150783
504.000000	7.150555
505.000000	7.150276
506.000000	7.150116
507.000000	7.149750
508.000000	7.149571
509.000000	7.149269
510.000000	7.149056
511.000000	7.148824
512.000000	7.144393
513.000000	7.137159
514.000000	7.131667
515.000000	7.127083
516.000000	7.122835
517.000000	7.118657
518.000000	7.114992
519.000000	7.111662
520.000000	7.108762
521.000000	7.106061
522.000000	7.103612
523.000000	7.101356
524.000000	7.099329
525.000000	7.097453
526.000000	7.095756
527.000000	7.094175
528.000000	7.092854
529.000000	7.091633
530.000000	7.090625
531.000000	7.089600
532.000000	7.088807
533.000000	7.088134
534.000000	7.087575
535.000000	7.087073
536.000000	7.086712
537.000000	7.086470
538.000000	7.086308
539.000000	7.086171
540.000000	7.086095
541.000000	7.086097
542.000000	7.086226
543.000000	7.086323
544.000000	7.086502
545.000000	7.086685
546.000000	7.086989
547.000000	7.087410
548.000000	7.087554
549.000000	7.087940
550.000000	7.088228
551.000000	7.088591
552.000000	7.088971
553.000000	7.089374
554.000000	7.089793
555.000000	7.090227
556.000000	7.090614
557.000000	7.091081
558.000000	7.091500
559.000000	7.091969
560.000000	7.092441
561.000000	7.092852
562.000000	7.093351
563.000000	7.093787
564.000000	7.094195
565.000000	7.094717
566.000000	7.095219
567.000000	7.095609
568.000000	7.096013
569.000000	7.096537
570.000000	7.096935
571.000000	7.097361
572.000000	7.097854
573.000000	7.098456
574.000000	7.098811
575.000000	7.099111
576.000000	7.099511
577.000000	7.099943
578.000000	7.100386
579.000000	7.100728
580.000000	7.101233
581.000000	7.101613
582.000000	7.101993
583.000000	7.102350
584.000000	7.102702
585.000000	7.103184
586.000000	7.103485
587.000000	7.103875
588.000000	7.104204
589.000000	7.104489
590.000000	7.104885
591.000000	7.105184
592.000000	7.105512
593.000000	7.105824
594.000000	7.106272
595.000000	7.106627
596.000000	7.106756
597.000000	7.107010
598.000000	7.107301
599.000000	7.107553
600.000000	7.107836
601.000000	7.108176
602.000000	7.108443
603.000000	7.108653
604.000000	7.108898
605.000000	7.109154
606.000000	7.109369
607.000000	7.109577
608.000000	7.109822
609.000000	7.110011
610.000000	7.110255
611.000000	7.110418
612.000000	7.110574
613.000000	7.110838
614.000000	7.110978
615.000000	7.111193
616.000000	7.111418
617.000000	7.111588
618.000000	7.111693
619.000000	7.111855
620.000000	7.112016
621.000000	7.112282
622.000000	7.112313
623.000000	7.112470
624.000000	7.112607
625.000000	7.112771
626.000000	7.112897
627.000000	7.113020
628.000000	7.113207
629.000000	7.113318
630.000000	7.113558
631.000000	7.113612
632.000000	7.113791
633.000000	7.113829
634.000000	7.114101
635.000000	7.114220
636.000000	7.114222
637.000000	7.114335
638.000000	7.114320
639.000000	7.114596
640.000000	7.114598
641.000000	7.114663
642.000000	7.114726
643.000000	7.114897
644.000000	7.114851
645.000000	7.114964
646.000000	7.115112
647.000000	7.115146
648.000000	7.115175
649.000000	7.115231
650.000000	7.115456
651.000000	7.115370
652.000000	7.115487
653.000000	7.115458
654.000000	7.115471
655.000000	7.115503
656.000000	7.115597
657.000000	7.115613
658.000000	7.115664
659.000000	7.115617
660.000000	7.115770
661.000000	7.115711
662.000000	7.115750
663.000000	7.115823
664.000000	7.115848
665.000000	7.115841
666.000000	7.115894
667.000000	7.115851
668.000000	7.115896
669.000000	7.115901
670.000000	7.115917
671.000000	7.116007
672.000000	7.115886
673.000000	7.115925
674.000000	7.115933
675.000000	7.115919
676.000000	7.116036
677.000000	7.115831
678.000000	7.115854
679.000000	7.115925
680.000000	7.115839
681.000000	7.115847
682.000000	7.115725
683.000000	7.115834
684.000000	7.115759
685.000000	7.115721
686.000000	7.115768
687.000000	7.115683
688.000000	7.115660
689.000000	7.115574
690.000000	7.115571
691.000000	7.115616
692.000000	7.115520
693.000000	7.115599
694.000000	7.115506
695.000000	7.115430
696.000000	7.115421
697.000000	7.115391
698.000000	7.115311
699.000000	7.115337
700.000000	7.115233
701.000000	7.115204
702.000000	7.115198
703.000000	7.115132
704.000000	7.115062
705.000000	7.115103
706.000000	7.114979
707.000000	7.114969
708.000000	7.114884
709.000000	7.114916
710.000000	7.114976
711.000000	7.114833
712.000000	7.114871
713.000000	7.114646
714.000000	7.114641
715.000000	7.114530
716.000000	7.114448
717.000000	7.114466
718.000000	7.114485
719.000000	7.114485
720.000000	7.114364
721.000000	7.114417
722.000000	7.114263
723.000000	7.114179
724.000000	7.114127
725.000000	7.114128
726.000000	7.114060
727.000000	7.114021
728.000000	7.113970
729.000000	7.113890
730.000000	7.113832
731.000000	7.113791
732.000000	7.113722
733.000000	7.113698
734.000000	7.113606
735.000000	7.113538
736.000000	7.113554
737.000000	7.113478
738.000000	7.113363
739.000000	7.113333
740.000000	7.113240
741.000000	7.113197
742.000000	7.113271
743.000000	7.113021
744.000000	7.113056
745.000000	7.112974
746.000000	7.112823
747.000000	7.112806
748.000000	7.112771
749.000000	7.112654
750.000000	7.112646
751.000000	7.112728
752.000000	7.112474
753.000000	7.112578
754.000000	7.112355
755.000000	7.112306
756.000000	7.112334
757.000000	7.112201
758.000000	7.112106
759.000000	7.111947
760.000000	7.111928
761.000000	7.111880
762.000000	7.111796
763.000000	7.111701
764.000000	7.111621
765.000000	7.111712
766.000000	7.111476
767.000000	7.111478
768.000000	7.111336
769.000000	7.111253
770.000000	7.111319
771.000000	7.111090
772.000000	7.111105
773.000000	7.110929
774.000000	7.110886
775.000000	7.110820
776.000000	7.110759
777.000000	7.110701
778.000000	7.110582
779.000000	7.110535
780.000000	7.110539
781.000000	7.110529
782.000000	7.110264
783.000000	7.110172
784.000000	7.110101
785.000000	7.110017
786.000000	7.109943
787.000000	7.109883
788.000000	7.109816
789.000000	7.109656
790.000000	7.109586
791.000000	7.109468
792.000000	7.109427
793.000000	7.109526
794.000000	7.109352
795.000000	7.109365
796.000000	7.109394
797.000000	7.109158
798.000000	7.109164
799.000000	7.109000
800.000000	7.108943
801.000000	7.108863
802.000000	7.108746
803.000000	7.108740
804.000000	7.108666
805.000000	7.108563
806.000000	7.108456
807.000000	7.108403
808.000000	7.108376
809.000000	7.108386
810.000000	7.108160
811.000000	7.108115
812.000000	7.108094
813.000000	7.108008
814.000000	7.107930
815.000000	7.107785
816.000000	7.107730
817.000000	7.107588
818.000000	7.107496
819.000000	7.107410
820.000000	7.107320
821.000000	7.107412
822.000000	7.107166
823.000000	7.107127
824.000000	7.107012
825.000000	7.106944
826.000000	7.106849
827.000000	7.106850
828.000000	7.106727
829.000000	7.106639
830.000000	7.106584
831.000000	7.106488
832.000000	7.106397
833.000000	7.106305
834.000000	7.106395
835.000000	7.106145
836.000000	7.106048
837.000000	7.106022
838.000000	7.106122
839.000000	7.105923
840.000000	7.106071
841.000000	7.105951
842.000000	7.105981
843.000000	7.105981
844.000000	7.106001
845.000000	7.106120
846.000000	7.105958
847.000000	7.105980
848.000000	7.106065
849.000000	7.105844
