0.000000	2.073938
1.000000	2.073910
1.000000	2.073846
2.000000	2.073762
3.000000	2.073662
4.000000	2.073522
5.000000	2.073410
6.000000	2.073278
7.000000	2.072982
8.000000	2.072888
9.000000	2.072759
10.000000	2.072883
11.000000	2.072531
12.000000	2.072491
13.000000	2.072123
14.000000	2.072135
15.000000	2.072003
16.000000	2.071935
17.000000	2.071671
18.000000	2.071571
19.000000	2.071511
20.000000	2.071289
21.000000	2.071257
22.000000	2.071175
23.000000	2.070889
24.000000	2.070885
25.000000	2.070465
26.000000	2.070297
27.000000	2.070221
28.000000	2.070237
29.000000	2.069949
30.000000	2.069949
31.000000	2.069649
32.000000	2.069503
33.000000	2.069559
34.000000	2.069398
35.000000	2.069066
36.000000	2.069271
37.000000	2.068770
38.000000	2.068726
39.000000	2.068558
40.000000	2.068550
41.000000	2.068598
42.000000	2.068618
43.000000	2.068558
44.000000	2.068518
45.000000	2.068514
46.000000	2.068626
47.000000	2.068438
48.000000	2.068474
49.000000	2.068234
50.000000	2.067930
51.000000	2.067962
52.000000	2.067802
53.000000	2.067604
54.000000	2.067520
55.000000	2.067418
56.000000	2.067208
57.000000	2.067080
58.000000	2.066952
59.000000	2.066912
60.000000	2.066732
61.000000	2.066572
62.000000	2.066184
63.000000	2.066140
64.000000	2.065933
65.000000	2.065787
66.000000	2.066476
67.000000	2.066908
68.000000	2.067324
69.000000	2.067720
70.000000	2.068874
71.000000	2.074728
72.000000	2.089404
73.000000	2.103308
74.000000	2.113591
75.000000	2.121479
76.000000	2.127972
77.000000	2.133543
78.000000	2.138258
79.000000	2.142200
80.000000	2.146057
81.000000	2.149322
82.000000	2.152466
83.000000	2.155555
84.000000	2.158402
85.000000	2.160975
86.000000	2.163612
87.000000	2.166122
88.000000	2.168451
89.000000	2.170773
90.000000	2.173000
91.000000	2.174927
92.000000	2.176929
93.000000	2.178960
94.000000	2.180372
95.000000	2.182013
96.000000	2.183319
97.000000	2.184605
98.000000	2.185780
99.000000	2.186884
100.000000	2.187922
101.000000	2.188671
102.000000	2.189123
103.000000	2.189701
104.000000	2.190257
105.000000	2.190465
106.000000	2.190769
107.000000	2.190993
108.000000	2.191005
109.000000	2.190989
110.000000	2.190973
111.000000	2.191007
112.000000	2.190669
113.000000	2.190333
114.000000	2.190037
115.000000	2.189551
116.000000	2.189167
117.000000	2.188703
118.000000	2.188158
119.000000	2.187806
120.000000	2.186908
121.000000	2.186312
122.000000	2.185654
123.000000	2.184773
124.000000	2.184043
125.000000	2.183375
126.000000	2.182593
127.000000	2.181493
128.000000	2.180696
129.000000	2.179674
130.000000	2.178810
131.000000	2.177979
132.000000	2.176957
133.000000	2.176065
134.000000	2.174979
135.000000	2.174018
136.000000	2.173064
137.000000	2.171890
138.000000	2.170881
139.000000	2.169635
140.000000	2.168607
141.000000	2.167609
142.000000	2.166510
143.000000	2.165574
144.000000	2.164392
145.000000	2.163268
146.000000	2.162325
147.000000	2.161079
148.000000	2.160007
149.000000	2.158772
150.000000	2.157722
151.000000	2.156906
152.000000	2.155903
153.000000	2.154705
154.000000	2.153517
155.000000	2.152318
156.000000	2.151210
157.000000	2.150120
158.000000	2.148869
159.000000	2.147769
160.000000	2.146683
161.000000	2.145613
162.000000	2.144420
163.000000	2.143418
164.000000	2.142152
165.000000	2.141239
166.000000	2.139993
167.000000	2.138869
168.000000	2.137822
169.000000	2.136656
170.000000	2.135582
171.000000	2.134421
172.000000	2.133275
173.000000	2.132155
174.000000	2.131088
175.000000	2.130118
176.000000	2.129282
177.000000	2.127903
178.000000	2.126939
179.000000	2.125685
180.000000	2.124863
181.000000	2.123740
182.000000	2.122891
183.000000	2.121771
184.000000	2.121021
185.000000	2.120113
186.000000	2.118810
187.000000	2.117814
188.000000	2.117232
189.000000	2.115993
190.000000	2.114869
191.000000	2.113687
192.000000	2.112861
193.000000	2.111708
194.000000	2.110846
195.000000	2.109974
196.000000	2.108988
197.000000	2.107947
198.000000	2.107069
199.000000	2.106151
200.000000	2.105190
201.000000	2.104342
202.000000	2.103432
203.000000	2.102544
204.000000	2.101710
205.000000	2.100885
206.000000	2.100119
207.000000	2.099283
208.000000	2.098421
209.000000	2.097540
210.000000	2.096838
211.000000	2.096206
212.000000	2.095028
213.000000	2.094243
214.000000	2.093401
215.000000	2.092597
216.000000	2.091819
217.000000	2.091291
218.000000	2.090186
219.000000	2.089424
220.000000	2.088568
221.000000	2.087870
222.000000	2.087113
223.000000	2.086303
224.000000	2.085471
225.000000	2.084713
226.000000	2.084033
227.000000	2.083516
228.000000	2.082670
229.000000	2.081982
230.000000	2.081152
231.000000	2.080444
232.000000	2.079693
233.000000	2.079105
234.000000	2.078371
235.000000	2.077607
236.000000	2.076911
237.000000	2.076056
238.000000	2.075604
239.000000	2.074582
240.000000	2.073706
241.000000	2.072885
242.000000	2.072183
243.000000	2.071667
244.000000	2.070613
245.000000	2.069763
246.000000	2.069076
247.000000	2.068314
248.000000	2.067392
249.000000	2.066764
250.000000	2.065844
251.000000	2.065245
252.000000	2.064393
253.000000	2.063699
254.000000	2.063039
255.000000	2.062141
256.000000	2.061348
257.000000	2.060624
258.000000	2.059994
259.000000	2.058980
260.000000	2.058199
261.000000	2.057523
262.000000	2.056937
263.000000	2.055949
264.000000	2.055403
265.000000	2.054402
266.000000	2.053594
267.000000	2.052916
268.000000	2.052100
269.000000	2.051597
270.000000	2.050479
271.000000	2.049803
272.000000	2.049019
273.000000	2.048265
274.000000	2.047528
275.000000	2.046894
276.000000	2.046426
277.000000	2.045446
278.000000	2.045082
279.000000	2.044279
280.000000	2.043543
281.000000	2.042845
282.000000	2.042325
283.000000	2.041447
284.000000	2.040678
285.000000	2.040020
286.000000	2.039288
287.000000	2.038696
288.000000	2.038006
289.000000	2.037266
290.000000	2.036601
291.000000	2.035823
292.000000	2.035255
293.000000	2.034607
294.000000	2.033745
295.000000	2.033861
296.000000	2.058779
297.000000	2.102100
298.000000	2.157034
299.000000	2.197091
300.000000	2.231236
301.000000	2.261813
302.000000	2.295491
303.000000	2.326626
304.000000	2.354861
305.000000	2.381253
306.000000	2.404777
307.000000	2.426640
308.000000	2.446743
309.000000	2.464812
310.000000	2.481326
311.000000	2.496282
312.000000	2.509624
313.000000	2.521482
314.000000	2.532223
315.000000	2.541860
316.000000	2.550295
317.000000	2.557712
318.000000	2.564564
319.000000	2.570478
320.000000	2.575445
321.000000	2.580271
322.000000	2.584403
323.000000	2.587703
324.000000	2.590290
325.000000	2.592854
326.000000	2.594671
327.000000	2.596265
328.000000	2.597891
329.000000	2.599422
330.000000	2.599995
331.000000	2.600618
332.000000	2.600985
333.000000	2.601196
334.000000	2.601161
335.000000	2.600945
336.000000	2.600523
337.000000	2.600105
338.000000	2.599929
339.000000	2.599150
340.000000	2.598424
341.000000	2.597308
342.000000	2.596390
343.000000	2.595340
344.000000	2.594332
345.000000	2.593351
346.000000	2.592158
347.000000	2.591253
348.000000	2.589963
349.000000	2.588380
350.000000	2.587176
351.000000	2.585977
352.000000	2.585172
353.000000	2.583446
354.000000	2.582169
355.000000	2.580910
356.000000	2.579695
357.000000	2.578439
358.000000	2.576777
359.000000	2.575546
360.000000	2.574241
361.000000	2.572756
362.000000	2.571499
363.000000	2.570149
364.000000	2.569053
365.000000	2.567492
366.000000	2.566072
367.000000	2.564725
368.000000	2.563531
369.000000	2.562407
370.000000	2.561075
371.000000	2.559836
372.000000	2.558670
373.000000	2.557370
374.000000	2.556164
375.000000	2.555005
376.000000	2.553683
377.000000	2.552459
378.000000	2.551310
379.000000	2.550124
380.000000	2.548910
381.000000	2.547653
382.000000	2.546329
383.000000	2.545162
384.000000	2.543938
385.000000	2.542646
386.000000	2.541623
387.000000	2.540148
388.000000	2.539006
389.000000	2.537778
390.000000	2.536732
391.000000	2.535809
392.000000	2.534427
393.000000	2.533281
394.000000	2.532238
395.000000	2.531139
396.000000	2.530174
397.000000	2.529015
398.000000	2.528166
399.000000	2.526914
400.000000	2.525826
401.000000	2.524672
402.000000	2.523465
403.000000	2.522387
404.000000	2.521548
405.000000	2.520183
406.000000	2.519338
407.000000	2.518187
408.000000	2.517033
409.000000	2.515927
410.000000	2.515100
411.000000	2.514191
412.000000	2.513570
413.000000	2.512162
414.000000	2.511426
415.000000	2.510606
416.000000	2.509508
417.000000	2.508734
418.000000	2.507756
419.000000	2.507062
420.000000	2.506404
421.000000	2.505650
422.000000	2.504385
423.000000	2.503491
424.000000	2.502830
425.000000	2.501945
426.000000	2.501161
427.000000	2.500374
428.000000	2.499429
429.000000	2.498662
430.000000	2.498245
431.000000	2.497245
432.000000	2.496342
433.000000	2.495367
434.000000	2.494698
435.000000	2.494042
436.000000	2.493032
437.000000	2.492469
438.000000	2.491971
439.000000	2.491114
440.000000	2.490340
441.000000	2.489744
442.000000	2.489020
443.000000	2.488382
444.000000	2.487635
445.000000	2.486977
446.000000	2.486534
447.000000	2.485624
448.000000	2.484958
449.000000	2.484330
450.000000	2.483980
451.000000	2.483000
452.000000	2.482377
453.000000	2.481799
454.000000	2.481123
455.000000	2.480645
456.000000	2.479821
457.000000	2.479230
458.000000	2.478758
459.000000	2.478124
460.000000	2.477501
461.000000	2.476943
462.000000	2.476342
463.000000	2.476010
464.000000	2.475043
465.000000	2.474303
466.000000	2.473982
467.000000	2.473147
468.000000	2.472584
469.000000	2.471903
470.000000	2.471300
471.000000	2.470903
472.000000	2.470526
473.000000	2.469689
474.000000	2.468955
475.000000	2.468341
476.000000	2.467816
477.000000	2.467163
478.000000	2.466615
479.000000	2.465959
480.000000	2.465619
481.000000	2.464998
482.000000	2.464269
483.000000	2.463860
484.000000	2.463131
485.000000	2.462568
486.000000	2.461806
487.000000	2.461394
488.000000	2.460886
489.000000	2.460675
490.000000	2.460002
491.000000	2.459489
492.000000	2.458848
493.000000	2.458219
494.000000	2.457596
495.000000	2.457000
496.000000	2.456513
497.000000	2.455879
498.000000	2.455457
499.000000	2.455135
500.000000	2.454500
501.000000	2.453760
502.000000	2.453295
503.000000	2.452642
504.000000	2.452315
505.000000	2.451581
506.000000	2.451043
507.000000	2.450747
508.000000	2.450126
509.000000	2.449593
510.000000	2.449201
511.000000	2.448550
512.000000	2.448228
513.000000	2.447509
514.000000	2.447022
515.000000	2.446582
516.000000	2.446089
517.000000	2.445682
518.000000	2.445119
519.000000	2.444546
520.000000	2.444219
521.000000	2.443503
522.000000	2.443005
523.000000	2.442467
524.000000	2.442043
525.000000	2.441444
526.000000	2.440886
527.000000	2.440228
528.000000	2.439738
529.000000	2.439456
530.000000	2.438697
531.000000	2.438064
532.000000	2.437586
533.000000	2.437282
534.000000	2.436950
535.000000	2.436126
536.000000	2.436015
537.000000	2.435243
538.000000	2.434600
539.000000	2.434092
540.000000	2.433710
541.000000	2.433230
542.000000	2.432607
543.000000	2.432300
544.000000	2.431873
545.000000	2.431307
546.000000	2.430880
547.000000	2.430488
548.000000	2.430015
549.000000	2.429357
550.000000	2.428950
551.000000	2.428339
552.000000	2.427816
553.000000	2.427524
554.000000	2.427037
555.000000	2.426642
556.000000	2.425994
557.000000	2.425365
558.000000	2.425089
559.000000	2.424463
560.000000	2.423855
561.000000	2.423432
562.000000	2.423015
563.000000	2.422643
564.000000	2.422158
565.000000	2.421700
566.000000	2.421233
567.000000	2.420786
568.000000	2.420321
569.000000	2.419838
570.000000	2.419562
571.000000	2.419044
572.000000	2.418591
573.000000	2.418355
574.000000	2.418111
575.000000	2.417568
576.000000	2.417367
577.000000	2.416915
578.000000	2.416482
579.000000	2.416276
580.000000	2.415889
581.000000	2.415565
582.000000	2.415213
583.000000	2.414766
584.000000	2.414565
585.000000	2.414379
586.000000	2.413723
587.000000	2.413512
588.000000	2.413129
589.000000	2.412893
590.000000	2.412436
591.000000	2.412169
592.000000	2.411903
593.000000	2.411466
594.000000	2.411370
595.000000	2.410729
596.000000	2.410458
597.000000	2.410030
598.000000	2.409965
599.000000	2.409440
600.000000	2.408670
601.000000	2.408278
602.000000	2.408203
603.000000	2.407710
604.000000	2.407273
605.000000	2.406863
606.000000	2.406738
607.000000	2.406099
608.000000	2.405637
609.000000	2.405151
610.000000	2.404850
611.000000	2.404352
612.000000	2.404126
613.000000	2.403950
614.000000	2.403442
615.000000	2.403151
616.000000	2.403020
617.000000	2.402480
618.000000	2.402178
619.000000	2.401685
620.000000	2.401318
621.000000	2.401067
622.000000	2.400703
623.000000	2.400640
624.000000	2.399873
625.000000	2.399722
626.000000	2.399134
627.000000	2.398667
628.000000	2.398413
629.000000	2.398154
630.000000	2.397754
631.000000	2.397412
632.000000	2.397030
633.000000	2.396980
634.000000	2.396500
635.000000	2.396271
636.000000	2.396163
637.000000	2.395701
638.000000	2.395540
639.000000	2.395138
640.000000	2.394861
641.000000	2.394530
642.000000	2.394105
643.000000	2.393974
644.000000	2.393627
645.000000	2.393305
646.000000	2.392938
647.000000	2.392576
648.000000	2.392127
649.000000	2.391910
650.000000	2.391528
651.000000	2.391307
652.000000	2.390860
653.000000	2.390784
654.000000	2.390367
655.000000	2.390136
656.000000	2.389864
657.000000	2.389706
658.000000	2.389367
659.000000	2.388806
660.000000	2.388721
661.000000	2.388228
662.000000	2.388002
663.000000	2.387464
664.000000	2.387115
665.000000	2.386919
666.000000	2.386466
667.000000	2.386175
668.000000	2.385933
669.000000	2.385556
670.000000	2.385315
671.000000	2.385053
672.000000	2.384322
673.000000	2.383945
674.000000	2.383688
675.000000	2.383357
676.000000	2.382801
677.000000	2.382650
678.000000	2.382223
679.000000	2.382067
680.000000	2.381730
681.000000	2.381369
682.000000	2.381147
683.000000	2.381044
684.000000	2.380828
685.000000	2.380371
686.000000	2.380104
687.000000	2.380104
688.000000	2.379737
689.000000	2.379240
690.000000	2.378903
691.000000	2.378734
692.000000	2.378473
693.000000	2.378041
694.000000	2.378197
695.000000	2.377809
696.000000	2.377428
697.000000	2.377382
698.000000	2.377131
699.000000	2.376455
700.000000	2.376249
701.000000	2.375962
702.000000	2.375716
703.000000	2.375434
704.000000	2.375374
705.000000	2.375012
706.000000	2.374921
707.000000	2.374544
708.000000	2.374489
709.000000	2.374047
710.000000	2.373934
711.000000	2.373622
712.000000	2.373305
713.000000	2.373285
714.000000	2.372853
715.000000	2.372767
716.000000	2.372531
717.000000	2.372536
718.000000	2.372199
719.000000	2.372144
720.000000	2.404191
721.000000	2.547296
722.000000	2.909343
723.000000	3.449264
724.000000	3.852503
725.000000	4.209453
726.000000	4.513007
727.000000	4.799712
728.000000	5.023713
729.000000	5.198285
730.000000	5.337033
731.000000	5.450227
732.000000	5.537054
733.000000	5.603773
734.000000	5.655084
735.000000	5.693777
736.000000	5.723483
737.000000	5.745989
738.000000	5.762729
739.000000	5.775110
740.000000	5.784611
741.000000	5.791941
742.000000	5.796702
743.000000	5.799874
744.000000	5.802116
745.000000	5.803579
746.000000	5.804132
747.000000	5.804483
748.000000	5.804247
749.000000	5.803765
750.000000	5.803438
751.000000	5.802956
752.000000	5.801895
753.000000	5.800487
754.000000	5.799296
755.000000	5.798341
756.000000	5.797345
757.000000	5.796319
758.000000	5.795405
759.000000	5.794405
760.000000	5.793660
761.000000	5.792444
762.000000	5.791609
763.000000	5.790478
764.000000	5.790267
765.000000	5.789030
766.000000	5.788065
767.000000	5.787834
768.000000	5.786457
769.000000	5.785582
770.000000	5.784953
771.000000	5.784732
772.000000	5.783586
773.000000	5.782993
774.000000	5.782329
775.000000	5.781761
776.000000	5.781304
777.000000	5.780535
778.000000	5.780273
779.000000	5.779419
780.000000	5.779208
781.000000	5.778564
782.000000	5.777519
783.000000	5.776865
784.000000	5.776257
785.000000	5.776126
786.000000	5.775844
787.000000	5.774578
788.000000	5.774030
789.000000	5.773452
790.000000	5.772964
791.000000	5.772617
792.000000	5.772069
793.000000	5.771818
794.000000	5.771436
795.000000	5.770842
796.000000	5.770380
797.000000	5.770048
798.000000	5.769616
799.000000	5.769485
800.000000	5.769194
801.000000	5.768495
802.000000	5.768626
803.000000	5.768093
804.000000	5.768118
805.000000	5.767419
806.000000	5.766977
807.000000	5.766545
808.000000	5.766766
809.000000	5.765982
810.000000	5.765629
811.000000	5.765750
812.000000	5.765242
813.000000	5.765469
814.000000	5.764564
815.000000	5.764509
816.000000	5.763915
817.000000	5.763624
818.000000	5.763755
819.000000	5.762970
820.000000	5.762649
821.000000	5.762749
822.000000	5.762256
823.000000	5.761935
824.000000	5.761543
825.000000	5.761995
826.000000	5.761432
827.000000	5.760758
828.000000	5.761050
829.000000	5.760839
830.000000	5.760391
831.000000	5.759778
832.000000	5.760251
833.000000	5.759396
834.000000	5.759145
835.000000	5.759245
836.000000	5.759316
837.000000	5.758642
838.000000	5.758099
839.000000	5.758129
840.000000	5.757999
841.000000	5.757767
842.000000	5.757607
843.000000	5.757385
844.000000	5.757144
845.000000	5.757546
846.000000	5.756792
847.000000	5.756581
848.000000	5.756541
849.000000	5.756370
850.000000	5.756350
851.000000	5.756088
852.000000	5.755762
853.000000	5.755580
854.000000	5.755621
855.000000	5.755520
856.000000	5.754967
857.000000	5.754796
858.000000	5.754917
859.000000	5.754625
860.000000	5.754625
861.000000	5.754072
862.000000	5.754052
863.000000	5.753992
864.000000	5.753902
865.000000	5.753760
866.000000	5.753711
867.000000	5.753529
868.000000	5.753841
869.000000	5.753740
870.000000	5.752906
871.000000	5.752645
872.000000	5.752796
873.000000	5.752956
874.000000	5.752574
875.000000	5.752112
876.000000	5.752062
877.000000	5.752273
878.000000	5.751921
879.000000	5.751800
880.000000	5.752197
881.000000	5.752725
882.000000	5.751840
883.000000	5.751624
884.000000	5.751704
885.000000	5.751137
886.000000	5.750986
887.000000	5.751076
888.000000	5.751006
889.000000	5.751187
890.000000	5.751091
891.000000	5.750800
892.000000	5.751016
893.000000	5.750709
894.000000	5.750820
895.000000	6.278301
896.000000	8.664283
897.000000	12.897930
898.000000	16.468596
899.000000	18.400025
900.000000	19.266958
901.000000	19.647444
902.000000	19.813813
903.000000	19.888871
904.000000	19.923168
905.000000	19.936939
906.000000	19.947874
907.000000	19.953808
908.000000	19.955914
909.000000	19.954130
910.000000	19.953224
911.000000	19.952933
912.000000	19.953457
913.000000	19.953839
914.000000	19.950739
915.000000	19.952027
916.000000	19.949453
917.000000	19.949043
918.000000	19.946090
919.000000	19.945418
920.000000	19.945007
921.000000	19.943488
922.000000	19.941733
923.000000	19.939980
924.000000	19.939396
925.000000	19.941966
926.000000	19.940858
927.000000	19.938050
928.000000	19.938050
929.000000	19.937113
930.000000	19.935534
931.000000	19.933955
932.000000	19.934949
933.000000	19.940798
934.000000	19.936061
935.000000	19.936121
936.000000	19.936471
937.000000	19.936004
938.000000	19.938401
939.000000	19.935651
940.000000	19.935477
941.000000	19.936528
942.000000	19.940447
943.000000	19.936822
944.000000	19.937933
945.000000	19.936939
946.000000	19.935009
947.000000	19.933430
948.000000	19.933604
949.000000	19.933781
950.000000	19.932846
951.000000	19.934776
952.000000	19.933197
953.000000	19.933955
954.000000	19.934248
955.000000	19.934132
956.000000	19.934425
957.000000	19.933314
958.000000	19.936528
959.000000	19.935477
960.000000	19.934482
961.000000	19.934716
962.000000	19.934892
963.000000	19.937113
964.000000	19.936004
965.000000	19.934599
966.000000	19.934833
967.000000	19.934365
968.000000	19.934949
969.000000	19.935710
970.000000	19.934132
971.000000	19.936004
972.000000	19.937466
973.000000	19.935651
974.000000	19.938401
975.000000	19.936121
976.000000	19.936412
977.000000	19.935360
978.000000	19.937700
979.000000	19.936705
980.000000	19.942377
981.000000	19.940564
982.000000	19.941208
983.000000	19.937346
984.000000	19.936939
985.000000	19.936762
986.000000	19.937640
987.000000	19.938518
988.000000	19.937289
989.000000	19.937346
990.000000	19.940213
991.000000	19.938167
992.000000	19.939803
993.000000	19.937173
994.000000	19.938107
995.000000	19.939279
996.000000	19.941208
997.000000	19.940387
998.000000	19.940858
999.000000	19.940447
1000.000000	19.942844
1001.000000	19.943488
1002.000000	19.940387
1003.000000	19.943488
1004.000000	19.941733
1005.000000	19.943428
1006.000000	19.942026
1007.000000	19.943955
1008.000000	19.942320
1009.000000	19.940741
1010.000000	20.915221
1011.000000	24.368083
1012.000000	32.403944
1013.000000	43.437538
1014.000000	46.525736
1015.000000	47.307826
1016.000000	47.444514
1017.000000	47.487263
1018.000000	47.509527
1019.000000	47.535784
1020.000000	47.586323
1021.000000	47.593897
1022.000000	47.597911
1023.000000	47.609477
1024.000000	47.624624
1025.000000	47.637080
1026.000000	47.643308
1027.000000	47.652660
1028.000000	47.655329
1029.000000	47.673145
1030.000000	47.669152
1031.000000	47.701203
1032.000000	47.674035
1033.000000	47.717891
1034.000000	47.720560
1035.000000	47.710556
1036.000000	47.741500
1037.000000	47.715004
1038.000000	47.713898
1039.000000	47.726354
1040.000000	47.718346
1041.000000	47.720126
1042.000000	47.718563
1043.000000	47.719453
1044.000000	47.727699
1045.000000	47.738375
1046.000000	47.725920
1047.000000	47.757970
1048.000000	47.740610
1049.000000	47.746383
1050.000000	47.753522
1051.000000	47.751743
1052.000000	47.762875
1053.000000	47.744603
1054.000000	47.764198
1055.000000	47.760640
1056.000000	47.771338
1057.000000	47.771772
1058.000000	47.790911
1059.000000	47.812741
1060.000000	47.802499
1061.000000	47.813631
1062.000000	47.811852
1063.000000	47.817624
1064.000000	47.851020
1065.000000	47.825653
1066.000000	47.846572
1067.000000	47.826087
1068.000000	47.860373
1069.000000	47.835005
1070.000000	47.872850
1071.000000	47.831447
1072.000000	47.840778
1073.000000	47.869725
1074.000000	47.848807
1075.000000	47.859483
1076.000000	47.856814
1077.000000	47.871505
1078.000000	47.859049
1079.000000	47.883093
1080.000000	47.896438
1081.000000	47.868402
1082.000000	47.867946
1083.000000	47.886196
1084.000000	47.888431
1085.000000	47.904684
1086.000000	47.886651
1087.000000	47.888865
1088.000000	47.895114
1089.000000	47.890210
1090.000000	47.889755
1091.000000	47.887758
1092.000000	47.890644
1093.000000	47.884416
1094.000000	47.881313
1095.000000	47.881530
1096.000000	47.894225
1097.000000	47.902232
1098.000000	47.916706
1099.000000	47.899107
1100.000000	47.912908
1101.000000	47.913364
1102.000000	47.929617
1103.000000	47.903577
1104.000000	47.910695
1105.000000	47.923824
1106.000000	47.930051
1107.000000	47.935411
1108.000000	47.950992
1109.000000	47.949213
1110.000000	47.969242
1111.000000	47.958110
1112.000000	47.965227
1113.000000	47.979918
1114.000000	47.981263
1115.000000	47.988381
1116.000000	48.001748
1117.000000	47.992396
1118.000000	48.010211
1119.000000	48.023557
1120.000000	48.027571
1121.000000	48.037814
1122.000000	48.034255
1123.000000	48.023123
1124.000000	48.042262
1125.000000	48.026682
1126.000000	48.041372
1127.000000	48.044931
1128.000000	48.044931
1129.000000	48.054740
1130.000000	48.054740
1131.000000	48.080563
1132.000000	48.086791
1133.000000	48.076548
1134.000000	48.085901
1135.000000	48.089004
1136.000000	48.102827
1137.000000	48.117518
1138.000000	48.115066
1139.000000	48.107037
1140.000000	48.109055
1141.000000	48.155580
1142.000000	48.155580
1143.000000	48.131080
1144.000000	48.168947
1145.000000	48.152455
1146.000000	48.193424
1147.000000	48.163587
1148.000000	48.171160
1149.000000	48.167167
1150.000000	48.190300
1151.000000	48.173829
1152.000000	48.174719
1153.000000	48.174285
1154.000000	48.216144
1155.000000	48.187630
1156.000000	48.231725
1157.000000	48.238842
1158.000000	48.216144
1159.000000	48.212130
1160.000000	48.239298
1161.000000	48.220137
1162.000000	48.221916
1163.000000	48.249519
1164.000000	48.230835
1165.000000	48.242401
1166.000000	48.233049
1167.000000	48.247305
1168.000000	48.251754
1169.000000	48.265121
1170.000000	48.290944
1171.000000	48.296955
1172.000000	48.288709
1173.000000	43.667647
1174.000000	32.848200
1175.000000	25.671648
1176.000000	21.802301
1177.000000	20.836715
1178.000000	20.395113
1179.000000	20.192019
1180.000000	20.100326
1181.000000	20.054567
1182.000000	20.032286
1183.000000	20.021584
1184.000000	20.015268
1185.000000	20.011760
1186.000000	20.008545
1187.000000	20.007317
1188.000000	20.006849
1189.000000	20.010591
1190.000000	20.004626
1191.000000	20.005327
1192.000000	20.003515
1193.000000	20.003341
1194.000000	20.007727
1195.000000	20.002258
1196.000000	20.001352
1197.000000	20.003193
1198.000000	20.001585
1199.000000	20.001235
1200.000000	20.001879
1201.000000	20.002141
1202.000000	20.002318
1203.000000	20.005649
1204.000000	20.006205
1205.000000	20.004099
1206.000000	20.004216
1207.000000	20.008252
1208.000000	20.008018
1209.000000	20.010064
1210.000000	20.005037
1211.000000	20.005912
1212.000000	20.007140
1213.000000	20.009773
1214.000000	20.006938
1215.000000	20.005826
1216.000000	20.005211
1217.000000	20.009186
1218.000000	20.006499
1219.000000	20.007784
1220.000000	20.010358
1221.000000	20.006499
1222.000000	20.008719
1223.000000	20.006878
1224.000000	20.007345
1225.000000	20.006556
1226.000000	20.011119
1227.000000	20.008953
1228.000000	20.008078
1229.000000	20.006322
1230.000000	20.004860
1231.000000	20.004803
1232.000000	20.003281
1233.000000	20.000152
1234.000000	20.005094
1235.000000	19.999072
1236.000000	19.999511
1237.000000	20.000739
1238.000000	19.999656
1239.000000	20.003224
1240.000000	20.002024
1241.000000	20.005387
1242.000000	20.008078
1243.000000	20.007257
1244.000000	20.009597
1245.000000	20.008194
1246.000000	20.012814
1247.000000	20.012287
1248.000000	20.011176
1249.000000	20.012698
1250.000000	20.011820
1251.000000	20.014801
1252.000000	20.013632
1253.000000	20.018720
1254.000000	20.013165
1255.000000	20.014684
1256.000000	20.014539
1257.000000	20.015972
1258.000000	20.014861
1259.000000	20.015328
1260.000000	20.017081
1261.000000	20.014861
1262.000000	20.015562
1263.000000	20.014043
1264.000000	20.015679
1265.000000	20.019304
1266.000000	20.014801
1267.000000	20.017317
1268.000000	20.015445
1269.000000	20.014861
1270.000000	20.014977
1271.000000	20.016907
1272.000000	20.015094
1273.000000	20.017200
1274.000000	20.019654
1275.000000	20.014684
1276.000000	20.013866
1277.000000	20.013572
1278.000000	20.015562
1279.000000	20.017200
1280.000000	20.016089
1281.000000	20.012581
1282.000000	20.012638
1283.000000	20.012931
1284.000000	20.015385
1285.000000	20.013632
1286.000000	20.013632
1287.000000	20.001702
1288.000000	17.759049
1289.000000	14.092748
1290.000000	11.075493
1291.000000	9.116422
1292.000000	8.193753
1293.000000	7.503928
1294.000000	7.064358
1295.000000	6.718756
1296.000000	6.447462
1297.000000	6.245784
1298.000000	6.126556
1299.000000	6.034199
1300.000000	5.962001
1301.000000	5.905371
1302.000000	5.861495
1303.000000	5.827332
1304.000000	5.801503
1305.000000	5.780082
1306.000000	5.764378
1307.000000	5.751629
1308.000000	5.741751
1309.000000	5.734366
1310.000000	5.728756
1311.000000	5.724166
1312.000000	5.720818
1313.000000	5.718199
1314.000000	5.716073
1315.000000	5.714223
1316.000000	5.713237
1317.000000	5.713388
1318.000000	5.712282
1319.000000	5.711473
1320.000000	5.710609
1321.000000	5.710367
1322.000000	5.710166
1323.000000	5.709925
1324.000000	5.709623
1325.000000	5.709724
1326.000000	5.709734
1327.000000	5.709432
1328.000000	5.709724
1329.000000	5.709543
1330.000000	5.709321
1331.000000	5.709663
1332.000000	5.709573
1333.000000	5.709694
1334.000000	5.709533
1335.000000	5.709613
1336.000000	5.709945
1337.000000	5.709463
1338.000000	5.710106
1339.000000	5.709181
1340.000000	5.709372
1341.000000	5.709734
1342.000000	5.709573
1343.000000	5.709543
1344.000000	5.709301
1345.000000	5.709231
1346.000000	5.710026
1347.000000	5.709131
1348.000000	5.709201
1349.000000	5.709643
1350.000000	5.709080
1351.000000	5.709292
1352.000000	5.709131
1353.000000	5.709231
1354.000000	5.709663
1355.000000	5.708900
1356.000000	5.709814
1357.000000	5.709070
1358.000000	5.708789
1359.000000	5.708859
1360.000000	5.708537
1361.000000	5.709090
1362.000000	5.708578
1363.000000	5.709080
1364.000000	5.708382
1365.000000	5.708547
1366.000000	5.708417
1367.000000	5.708231
1368.000000	5.708703
1369.000000	5.708357
1370.000000	5.708105
1371.000000	5.708080
1372.000000	5.708497
1373.000000	5.707643
1374.000000	5.708080
1375.000000	5.707939
1376.000000	5.707643
1377.000000	5.707306
1378.000000	5.707889
1379.000000	5.706954
1380.000000	5.707064
1381.000000	5.707105
1382.000000	5.707155
1383.000000	5.707130
1384.000000	5.706552
1385.000000	5.706733
1386.000000	5.706713
1387.000000	5.706843
1388.000000	5.706491
1389.000000	5.706868
1390.000000	5.706301
1391.000000	5.706361
1392.000000	5.706290
1393.000000	5.706260
1394.000000	5.706039
1395.000000	5.705999
1396.000000	5.706853
1397.000000	5.705938
1398.000000	5.705767
1399.000000	5.706049
1400.000000	5.706843
1401.000000	5.444531
1402.000000	5.002735
1403.000000	4.582488
1404.000000	4.245730
1405.000000	3.993533
1406.000000	3.767929
1407.000000	3.607616
1408.000000	3.471931
1409.000000	3.349607
1410.000000	3.239183
1411.000000	3.139215
1412.000000	3.048746
1413.000000	2.966659
1414.000000	2.892671
1415.000000	2.825235
1416.000000	2.764151
1417.000000	2.708547
1418.000000	2.658251
1419.000000	2.612498
1420.000000	2.570856
1421.000000	2.533173
1422.000000	2.498903
1423.000000	2.467892
1424.000000	2.439451
1425.000000	2.413861
1426.000000	2.390674
1427.000000	2.369646
1428.000000	2.350437
1429.000000	2.332996
1430.000000	2.317269
1431.000000	2.303047
1432.000000	2.289941
1433.000000	2.278575
1434.000000	2.268114
1435.000000	2.258992
1436.000000	2.251996
1437.000000	2.246025
1438.000000	2.240437
1439.000000	2.235598
1440.000000	2.231148
1441.000000	2.227269
1442.000000	2.223716
1443.000000	2.220817
1444.000000	2.217905
1445.000000	2.215468
1446.000000	2.213305
1447.000000	2.211393
1448.000000	2.209784
1449.000000	2.208476
1450.000000	2.207258
1451.000000	2.206211
1452.000000	2.205363
1453.000000	2.204481
1454.000000	2.204021
1455.000000	2.203505
1456.000000	2.203351
1457.000000	2.202834
1458.000000	2.202702
1459.000000	2.202462
1460.000000	2.202410
1461.000000	2.202394
1462.000000	2.202426
1463.000000	2.202630
1464.000000	2.202772
1465.000000	2.203183
1466.000000	2.203301
1467.000000	2.203683
1468.000000	2.203933
1469.000000	2.204501
1470.000000	2.204759
1471.000000	2.205199
1472.000000	2.205643
1473.000000	2.206175
1474.000000	2.206440
1475.000000	2.206882
1476.000000	2.207242
1477.000000	2.207744
1478.000000	2.208370
1479.000000	2.208572
1480.000000	2.208928
1481.000000	2.209656
1482.000000	2.209740
1483.000000	2.210431
1484.000000	2.210463
1485.000000	2.210931
1486.000000	2.211267
1487.000000	2.212017
1488.000000	2.212085
1489.000000	2.212489
1490.000000	2.213085
1491.000000	2.213197
1492.000000	2.213778
1493.000000	2.214004
1494.000000	2.214348
1495.000000	2.215034
1496.000000	2.215076
1497.000000	2.215430
1498.000000	2.215822
1499.000000	2.216158
1500.000000	2.216718
1501.000000	2.216894
1502.000000	2.217340
1503.000000	2.217569
1504.000000	2.217965
1505.000000	2.218225
1506.000000	2.218653
1507.000000	2.218847
1508.000000	2.219391
1509.000000	2.219407
1510.000000	2.219963
1511.000000	2.220261
1512.000000	2.220465
1513.000000	2.220649
1514.000000	2.220902
1515.000000	2.221253
1516.000000	2.221734
1517.000000	2.221858
1518.000000	2.222132
1519.000000	2.222340
1520.000000	2.222696
1521.000000	2.223016
1522.000000	2.223162
1523.000000	2.223632
1524.000000	2.223716
1525.000000	2.223922
1526.000000	2.224171
1527.000000	2.224538
1528.000000	2.224767
1529.000000	2.224991
1530.000000	2.225143
1531.000000	2.225251
1532.000000	2.225945
1533.000000	2.226061
1534.000000	2.225735
1535.000000	2.189031
1536.000000	2.136296
1537.000000	2.086673
1538.000000	2.043719
1539.000000	2.004266
1540.000000	1.967618
1541.000000	1.933859
1542.000000	1.902249
1543.000000	1.872473
1544.000000	1.852512
1545.000000	1.834457
1546.000000	1.817640
1547.000000	1.801628
1548.000000	1.786770
1549.000000	1.772970
1550.000000	1.759848
1551.000000	1.747681
1552.000000	1.736267
1553.000000	1.725612
1554.000000	1.715726
1555.000000	1.706391
1556.000000	1.697720
1557.000000	1.689674
1558.000000	1.682131
1559.000000	1.675134
1560.000000	1.668648
1561.000000	1.662758
1562.000000	1.656992
1563.000000	1.651763
1564.000000	1.646980
1565.000000	1.642453
1566.000000	1.638397
1567.000000	1.634738
1568.000000	1.631125
1569.000000	1.628035
1570.000000	1.624925
1571.000000	1.622241
1572.000000	1.619800
1573.000000	1.617571
1574.000000	1.615415
1575.000000	1.613691
1576.000000	1.611939
1577.000000	1.610517
1578.000000	1.609110
1579.000000	1.607959
1580.000000	1.606954
1581.000000	1.605971
1582.000000	1.605078
1583.000000	1.604492
1584.000000	1.603913
1585.000000	1.603402
1586.000000	1.603114
1587.000000	1.602801
1588.000000	1.602632
1589.000000	1.602475
1590.000000	1.602391
1591.000000	1.602468
1592.000000	1.602437
1593.000000	1.602726
1594.000000	1.602712
1595.000000	1.602876
1596.000000	1.603510
1597.000000	1.603715
1598.000000	1.604015
1599.000000	1.604517
1600.000000	1.604914
1601.000000	1.605394
1602.000000	1.605665
1603.000000	1.606112
1604.000000	1.606655
1605.000000	1.607151
1606.000000	1.607748
1607.000000	1.608324
1608.000000	1.608927
1609.000000	1.609593
1610.000000	1.610238
1611.000000	1.610862
1612.000000	1.611481
1613.000000	1.612316
1614.000000	1.612967
1615.000000	1.613752
1616.000000	1.614266
1617.000000	1.614922
1618.000000	1.615627
1619.000000	1.616494
1620.000000	1.617053
1621.000000	1.617875
1622.000000	1.618519
1623.000000	1.619234
1624.000000	1.619947
1625.000000	1.620616
1626.000000	1.621326
1627.000000	1.622036
1628.000000	1.622769
1629.000000	1.623409
1630.000000	1.624327
1631.000000	1.624864
1632.000000	1.625445
1633.000000	1.626243
1634.000000	1.626931
1635.000000	1.627572
1636.000000	1.628288
1637.000000	1.629015
1638.000000	1.629562
1639.000000	1.630290
1640.000000	1.630965
1641.000000	1.631551
1642.000000	1.632292
1643.000000	1.632877
1644.000000	1.633500
1645.000000	1.634216
1646.000000	1.634773
1647.000000	1.635408
1648.000000	1.635998
1649.000000	1.636726
1650.000000	1.637232
1651.000000	1.637766
1652.000000	1.638620
1653.000000	1.638958
1654.000000	1.639755
1655.000000	1.640212
1656.000000	1.640892
1657.000000	1.641304
1658.000000	1.641843
1659.000000	1.642469
1660.000000	1.642959
1661.000000	1.643590
1662.000000	1.644088
1663.000000	1.644552
1664.000000	1.645148
1665.000000	1.645648
1666.000000	1.646169
1667.000000	1.646595
1668.000000	1.647137
1669.000000	1.647655
1670.000000	1.648152
1671.000000	1.648850
1672.000000	1.649175
1673.000000	1.649749
1674.000000	1.650314
1675.000000	1.650745
1676.000000	1.651202
1677.000000	1.651747
1678.000000	1.652150
1679.000000	1.652588
1680.000000	1.653102
1681.000000	1.653733
1682.000000	1.653988
1683.000000	1.654502
1684.000000	1.654956
1685.000000	1.655275
1686.000000	1.655704
1687.000000	1.656135
1688.000000	1.656672
1689.000000	1.657075
1690.000000	1.657582
1691.000000	1.657876
1692.000000	1.658537
1693.000000	1.658731
1694.000000	1.659170
1695.000000	1.659424
1696.000000	1.660153
1697.000000	1.660257
1698.000000	1.660606
1699.000000	1.660987
1700.000000	1.661535
1701.000000	1.662023
1702.000000	1.662297
1703.000000	1.662557
1704.000000	1.663118
1705.000000	1.663262
1706.000000	1.663631
1707.000000	1.664014
1708.000000	1.664419
1709.000000	1.664678
1710.000000	1.665066
1711.000000	1.665365
1712.000000	1.665780
1713.000000	1.666277
1714.000000	1.666596
1715.000000	1.666812
1716.000000	1.667187
1717.000000	1.667514
1718.000000	1.668027
1719.000000	1.668137
1720.000000	1.668385
1721.000000	1.668696
1722.000000	1.668967
1723.000000	1.669227
1724.000000	1.669648
1725.000000	1.669949
1726.000000	1.659707
1727.000000	1.646648
1728.000000	1.635879
1729.000000	1.626845
1730.000000	1.618558
1731.000000	1.611015
1732.000000	1.603982
1733.000000	1.596766
1734.000000	1.590189
1735.000000	1.584167
1736.000000	1.578404
1737.000000	1.573307
1738.000000	1.568219
1739.000000	1.563735
1740.000000	1.559475
1741.000000	1.555621
1742.000000	1.552049
1743.000000	1.548757
1744.000000	1.545785
1745.000000	1.542935
1746.000000	1.540401
1747.000000	1.538060
1748.000000	1.536037
1749.000000	1.534151
1750.000000	1.532454
1751.000000	1.530986
1752.000000	1.529829
1753.000000	1.528799
1754.000000	1.527592
1755.000000	1.526998
1756.000000	1.526075
1757.000000	1.525608
1758.000000	1.525252
1759.000000	1.524832
1760.000000	1.524771
1761.000000	1.524611
1762.000000	1.524577
1763.000000	1.524677
1764.000000	1.525029
1765.000000	1.525260
1766.000000	1.525584
1767.000000	1.526025
1768.000000	1.526602
1769.000000	1.527062
1770.000000	1.527802
1771.000000	1.528376
1772.000000	1.529070
1773.000000	1.529799
1774.000000	1.530570
1775.000000	1.531488
1776.000000	1.532247
1777.000000	1.533121
1778.000000	1.533969
1779.000000	1.534975
1780.000000	1.536047
1781.000000	1.536912
1782.000000	1.537952
1783.000000	1.539040
1784.000000	1.539974
1785.000000	1.540922
1786.000000	1.541984
1787.000000	1.542960
1788.000000	1.544064
1789.000000	1.545032
1790.000000	1.546037
1791.000000	1.547127
1792.000000	1.548203
1793.000000	1.549376
1794.000000	1.550455
1795.000000	1.551678
1796.000000	1.552619
1797.000000	1.553762
1798.000000	1.554982
1799.000000	1.555909
1800.000000	1.557057
1801.000000	1.558371
1802.000000	1.559262
1803.000000	1.560375
1804.000000	1.561449
1805.000000	1.562712
1806.000000	1.563620
1807.000000	1.564683
1808.000000	1.565716
1809.000000	1.566686
1810.000000	1.567737
1811.000000	1.568799
1812.000000	1.569672
1813.000000	1.570642
1814.000000	1.571577
1815.000000	1.572584
1816.000000	1.573490
1817.000000	1.574419
1818.000000	1.575365
1819.000000	1.576591
1820.000000	1.577526
1821.000000	1.578335
1822.000000	1.579228
1823.000000	1.580180
1824.000000	1.581073
1825.000000	1.581986
1826.000000	1.582800
1827.000000	1.583807
1828.000000	1.584656
1829.000000	1.585545
1830.000000	1.586599
1831.000000	1.587307
1832.000000	1.588150
1833.000000	1.589154
1834.000000	1.589839
1835.000000	1.590749
1836.000000	1.591566
1837.000000	1.592392
1838.000000	1.593217
1839.000000	1.594071
1840.000000	1.594730
1841.000000	1.595405
1842.000000	1.596084
1843.000000	1.596941
1844.000000	1.597679
1845.000000	1.598355
1846.000000	1.599035
1847.000000	1.599617
1848.000000	1.600342
1849.000000	1.600920
1850.000000	1.601545
1851.000000	1.602405
1852.000000	1.602743
1853.000000	1.603488
1854.000000	1.603949
1855.000000	1.604820
1856.000000	1.605208
1857.000000	1.605990
1858.000000	1.606567
1859.000000	1.607215
1860.000000	1.607870
1861.000000	1.608471
1862.000000	1.609087
1863.000000	1.609709
1864.000000	1.610421
1865.000000	1.610958
1866.000000	1.611554
1867.000000	1.612188
1868.000000	1.612535
1869.000000	1.613097
1870.000000	1.613655
1871.000000	1.614331
1872.000000	1.614692
1873.000000	1.615458
1874.000000	1.615740
1875.000000	1.616449
1876.000000	1.616803
1877.000000	1.617216
1878.000000	1.617612
1879.000000	1.618109
1880.000000	1.618680
1881.000000	1.619047
1882.000000	1.619839
1883.000000	1.623506
1884.000000	1.630187
1885.000000	1.638745
1886.000000	1.648703
1887.000000	1.659977
1888.000000	1.672417
1889.000000	1.685371
1890.000000	1.699167
1891.000000	1.713377
1892.000000	1.729079
1893.000000	1.745494
1894.000000	3.447693
1895.000000	1000.000000
1896.000000	1000.000000
1897.000000	1000.000000
1898.000000	1000.000000
1899.000000	1000.000000
1900.000000	1000.000000
1901.000000	1000.000000
1902.000000	1000.000000
1903.000000	1000.000000
1904.000000	1000.000000
1905.000000	1000.000000
1906.000000	1000.000000
1907.000000	1000.000000
1908.000000	1000.000000
1909.000000	1000.000000
1910.000000	1000.000000
1911.000000	1000.000000
1912.000000	1000.000000
1913.000000	1000.000000
1914.000000	1000.000000
1915.000000	1000.000000
1916.000000	1000.000000
1917.000000	1000.000000
1918.000000	1000.000000
1919.000000	1000.000000
1920.000000	1000.000000
1921.000000	1000.000000
1922.000000	1000.000000
1923.000000	1000.000000
1924.000000	1000.000000
1925.000000	1000.000000
1926.000000	1000.000000
1927.000000	1000.000000
1928.000000	1000.000000
1929.000000	1000.000000
1930.000000	1000.000000
1931.000000	1000.000000
1932.000000	1000.000000
1933.000000	1000.000000
1934.000000	1000.000000
1935.000000	1000.000000
1936.000000	1000.000000
1937.000000	1000.000000
1938.000000	1000.000000
1939.000000	1000.000000
1940.000000	1000.000000
1941.000000	1000.000000
1942.000000	1000.000000
1943.000000	1000.000000
1944.000000	1000.000000
1945.000000	1000.000000
1946.000000	1000.000000
1947.000000	1000.000000
1948.000000	1000.000000
1949.000000	1000.000000
1950.000000	1000.000000
1951.000000	1000.000000
1952.000000	1000.000000
1953.000000	1000.000000
1954.000000	1000.000000
1955.000000	1000.000000
1956.000000	1000.000000
1957.000000	1000.000000
1958.000000	1000.000000
1959.000000	1000.000000
1960.000000	1000.000000
1961.000000	1000.000000
1962.000000	1000.000000
1963.000000	1000.000000
1964.000000	1000.000000
1965.000000	1000.000000
1966.000000	1000.000000
1967.000000	1000.000000
1968.000000	1000.000000
1969.000000	1000.000000
1970.000000	946.991104
1971.000000	24.291853
1972.000000	2.930922
1973.000000	1.511197
1974.000000	1.118597
1975.000000	0.952688
1976.000000	0.867523
1977.000000	0.822592
1978.000000	0.797111
1979.000000	0.778362
1980.000000	0.763416
1981.000000	0.750826
1982.000000	0.739604
