0.000000	3.426124
1.000000	3.425764
1.000000	3.425275
2.000000	3.424957
3.000000	3.424227
4.000000	3.423635
5.000000	3.423080
6.000000	3.422332
7.000000	3.421706
8.000000	3.421202
9.000000	3.420611
10.000000	3.419978
11.000000	3.419353
12.000000	3.418769
13.000000	3.418216
14.000000	3.417537
15.000000	3.417058
16.000000	3.416466
17.000000	3.415960
18.000000	3.415334
19.000000	3.414727
20.000000	3.414156
21.000000	3.413677
22.000000	3.413154
23.000000	3.412513
24.000000	3.411964
25.000000	3.411461
26.000000	3.410915
27.000000	3.410346
28.000000	3.409721
29.000000	3.409105
30.000000	3.408643
31.000000	3.408152
32.000000	3.407536
33.000000	3.406973
34.000000	3.406407
35.000000	3.405980
36.000000	3.405542
37.000000	3.404868
38.000000	3.404392
39.000000	3.403843
40.000000	3.403428
41.000000	3.402925
42.000000	3.402309
43.000000	3.401748
44.000000	3.401226
45.000000	3.400776
46.000000	3.400403
47.000000	3.399916
48.000000	3.399449
49.000000	3.398748
50.000000	3.398235
51.000000	3.397702
52.000000	3.397192
53.000000	3.396754
54.000000	3.396292
55.000000	3.395901
56.000000	3.395535
57.000000	3.395044
58.000000	3.394586
59.000000	3.394213
60.000000	3.393690
61.000000	3.393140
62.000000	3.392809
63.000000	3.392200
64.000000	3.391721
65.000000	3.391232
66.000000	3.390816
67.000000	3.390249
68.000000	3.390000
69.000000	3.389705
70.000000	3.389369
71.000000	3.388873
72.000000	3.388381
73.000000	3.387832
74.000000	3.387343
75.000000	3.386902
76.000000	3.386573
77.000000	3.386241
78.000000	3.385786
79.000000	3.385201
80.000000	3.384683
81.000000	3.384307
82.000000	3.383904
83.000000	3.383621
84.000000	3.383221
85.000000	3.382786
86.000000	3.382461
87.000000	3.381980
88.000000	3.381457
89.000000	3.381125
90.000000	3.380650
91.000000	3.380213
92.000000	3.379722
93.000000	3.379236
94.000000	3.378803
95.000000	3.378298
96.000000	3.377705
97.000000	3.377407
98.000000	3.376882
99.000000	3.376550
100.000000	3.376214
101.000000	3.375780
102.000000	3.375513
103.000000	3.375030
104.000000	3.374665
105.000000	3.374402
106.000000	3.373916
107.000000	3.373552
108.000000	3.373280
109.000000	3.372854
110.000000	3.372369
111.000000	3.371847
112.000000	3.371500
113.000000	3.370994
114.000000	3.370766
115.000000	3.370457
116.000000	3.370200
117.000000	3.369837
118.000000	3.369518
119.000000	3.369281
120.000000	3.368921
121.000000	3.368447
122.000000	3.368036
123.000000	3.367420
124.000000	3.367100
125.000000	3.366742
126.000000	3.366487
127.000000	3.366058
128.000000	3.365679
129.000000	3.365204
130.000000	3.364734
131.000000	3.364259
132.000000	3.363929
133.000000	3.363380
134.000000	3.363043
135.000000	3.362703
136.000000	3.362271
137.000000	3.361876
138.000000	3.361571
139.000000	3.361228
140.000000	3.360765
141.000000	3.360308
142.000000	3.359997
143.000000	3.359577
144.000000	3.359234
145.000000	3.358875
146.000000	3.358378
147.000000	3.358128
148.000000	3.357687
149.000000	3.357371
150.000000	3.356843
151.000000	3.356645
152.000000	3.356242
153.000000	3.355856
154.000000	3.355584
155.000000	3.355205
156.000000	3.354946
157.000000	3.354459
158.000000	3.353992
159.000000	3.353595
160.000000	3.353308
161.000000	3.353052
162.000000	3.352655
163.000000	3.352460
164.000000	3.352136
165.000000	3.351541
166.000000	3.350598
167.000000	3.349663
168.000000	3.348580
169.000000	3.347526
170.000000	3.346549
171.000000	3.345501
172.000000	3.344506
173.000000	3.343613
174.000000	3.342938
175.000000	3.342291
176.000000	3.341424
177.000000	3.340673
178.000000	3.339967
179.000000	3.339459
180.000000	3.339131
181.000000	3.339149
182.000000	3.342735
183.000000	3.349624
184.000000	3.355452
185.000000	3.360663
186.000000	3.365651
187.000000	3.370393
188.000000	3.374802
189.000000	3.379124
190.000000	3.383268
191.000000	3.387352
192.000000	3.391298
193.000000	3.395132
194.000000	3.398854
195.000000	3.402537
196.000000	3.406120
197.000000	3.409636
198.000000	3.413116
199.000000	3.416536
200.000000	3.419892
201.000000	3.423215
202.000000	3.426514
203.000000	3.429666
204.000000	3.432009
205.000000	3.433387
206.000000	3.433628
207.000000	3.432490
208.000000	3.429129
209.000000	3.422769
210.000000	3.413146
211.000000	3.395702
212.000000	3.364834
213.000000	3.320912
214.000000	3.268078
215.000000	3.203652
216.000000	3.128590
217.000000	3.045428
218.000000	2.958021
219.000000	2.871174
220.000000	2.774932
221.000000	2.617288
222.000000	2.486628
223.000000	2.383655
224.000000	2.305277
225.000000	2.247171
226.000000	2.204387
227.000000	2.172904
228.000000	2.149403
229.000000	2.131055
230.000000	2.117140
231.000000	2.105616
232.000000	2.096130
233.000000	2.088258
234.000000	2.081579
235.000000	2.076008
236.000000	2.071007
237.000000	2.066729
238.000000	2.063178
239.000000	2.059750
240.000000	2.056591
241.000000	2.054104
242.000000	2.051714
243.000000	2.049349
244.000000	2.047191
245.000000	2.045165
246.000000	2.043713
247.000000	2.042038
248.000000	2.040558
249.000000	2.039292
250.000000	2.038098
251.000000	2.037105
252.000000	2.036159
253.000000	2.035344
254.000000	2.034400
255.000000	2.033601
256.000000	2.032810
257.000000	2.032336
258.000000	2.031696
259.000000	2.030943
260.000000	2.030355
261.000000	2.029754
262.000000	2.029048
263.000000	2.028730
264.000000	2.027979
265.000000	2.027462
266.000000	2.027173
267.000000	2.026612
268.000000	2.026152
269.000000	2.025572
270.000000	2.025277
271.000000	2.024816
272.000000	2.024374
273.000000	2.023960
274.000000	2.023346
275.000000	2.023124
276.000000	2.022631
277.000000	2.022391
278.000000	2.022011
279.000000	2.021569
280.000000	2.021298
281.000000	2.020983
282.000000	2.020754
283.000000	2.020243
284.000000	2.019894
285.000000	2.019699
286.000000	2.019262
287.000000	2.019074
288.000000	2.018703
289.000000	2.019932
290.000000	2.020713
291.000000	2.020055
292.000000	2.019630
293.000000	2.019145
294.000000	2.018860
295.000000	2.018200
296.000000	2.018052
297.000000	2.017991
298.000000	2.017519
299.000000	2.016998
300.000000	2.016908
301.000000	2.016536
302.000000	2.016367
303.000000	2.016173
304.000000	2.015883
305.000000	2.015593
306.000000	2.015569
307.000000	2.015353
308.000000	2.014876
309.000000	2.014839
310.000000	2.014574
311.000000	2.014292
312.000000	2.014069
313.000000	2.013951
314.000000	2.013796
315.000000	2.013572
316.000000	2.013492
317.000000	2.013076
318.000000	2.012967
319.000000	2.013028
320.000000	2.012639
321.000000	2.012407
322.000000	2.012316
323.000000	2.012130
324.000000	2.012017
325.000000	2.011774
326.000000	2.011640
327.000000	2.011341
328.000000	2.011278
329.000000	2.011200
330.000000	2.011121
331.000000	2.010798
332.000000	2.010243
333.000000	2.009840
334.000000	2.009862
335.000000	2.009702
336.000000	2.009632
337.000000	2.009323
338.000000	2.009174
339.000000	2.008995
340.000000	2.008880
341.000000	2.008720
342.000000	2.008577
343.000000	2.008633
344.000000	2.008275
345.000000	2.008267
346.000000	2.008202
347.000000	2.008000
348.000000	2.007908
349.000000	2.007907
350.000000	2.007636
351.000000	2.007661
352.000000	2.007410
353.000000	2.007485
354.000000	2.007312
355.000000	2.007101
356.000000	2.007019
357.000000	2.006823
358.000000	2.006864
359.000000	2.006660
360.000000	2.006704
361.000000	2.006585
362.000000	2.006461
363.000000	2.006460
364.000000	2.006491
365.000000	2.006331
366.000000	2.006309
367.000000	2.006101
368.000000	2.006038
369.000000	2.005845
370.000000	2.005746
371.000000	2.005732
372.000000	2.005764
373.000000	2.005432
374.000000	2.005574
375.000000	2.005455
376.000000	2.005374
377.000000	2.005289
378.000000	2.005209
379.000000	2.005122
380.000000	2.005010
381.000000	2.005039
382.000000	2.005068
383.000000	2.004785
384.000000	2.004818
385.000000	2.004813
386.000000	2.004650
387.000000	2.004583
388.000000	2.004339
389.000000	2.004374
390.000000	2.004514
391.000000	2.004320
392.000000	2.015959
393.000000	2.011828
394.000000	2.009792
395.000000	2.008938
396.000000	2.008457
397.000000	2.008085
398.000000	2.007725
399.000000	2.007699
400.000000	2.007477
401.000000	2.007384
402.000000	2.007101
403.000000	2.006994
404.000000	2.006854
405.000000	2.006768
406.000000	2.006577
407.000000	2.006574
408.000000	2.006412
409.000000	2.006367
410.000000	2.006166
411.000000	2.006103
412.000000	2.005891
413.000000	2.005998
414.000000	2.005955
415.000000	2.005775
416.000000	2.005805
417.000000	2.005640
418.000000	2.005485
419.000000	2.005572
420.000000	2.005487
421.000000	2.005418
422.000000	2.005435
423.000000	2.005169
424.000000	2.005180
425.000000	2.004975
426.000000	2.005180
427.000000	2.004938
428.000000	2.004989
429.000000	2.004967
430.000000	2.004800
431.000000	2.004631
432.000000	2.004758
433.000000	2.004613
434.000000	2.004385
435.000000	2.004519
436.000000	2.004303
437.000000	2.004395
438.000000	2.004337
439.000000	2.004250
440.000000	2.004204
441.000000	2.004174
442.000000	2.004076
443.000000	2.004005
444.000000	2.004116
445.000000	2.003973
446.000000	2.003851
447.000000	2.003952
448.000000	2.003987
449.000000	2.003879
450.000000	2.003867
451.000000	2.003655
452.000000	2.003613
453.000000	2.003763
454.000000	2.003468
455.000000	2.003639
456.000000	2.003557
457.000000	2.003583
458.000000	2.003400
459.000000	2.003304
460.000000	2.003287
461.000000	2.003321
462.000000	2.003257
463.000000	2.003217
464.000000	2.003097
465.000000	2.003334
466.000000	2.003110
467.000000	2.003078
468.000000	2.003045
469.000000	2.003066
470.000000	2.003023
471.000000	2.002858
472.000000	2.002841
473.000000	2.002927
474.000000	2.002734
475.000000	2.002813
476.000000	2.002760
477.000000	2.002712
478.000000	2.002826
479.000000	2.002607
480.000000	2.002565
481.000000	2.002581
482.000000	2.002671
483.000000	2.002609
484.000000	2.002485
485.000000	2.002592
486.000000	2.002393
487.000000	2.002426
488.000000	2.002538
489.000000	2.002331
490.000000	2.002315
491.000000	2.002288
492.000000	2.002228
493.000000	2.002088
494.000000	2.002254
495.000000	2.002184
496.000000	2.002036
497.000000	2.001987
498.000000	2.001952
499.000000	2.002062
500.000000	2.002003
501.000000	2.001879
502.000000	2.002072
503.000000	2.001891
504.000000	2.001865
505.000000	2.001762
506.000000	2.001763
507.000000	2.001920
508.000000	2.001624
509.000000	2.001728
510.000000	2.001658
511.000000	2.001620
512.000000	2.001705
513.000000	2.001535
514.000000	2.001553
515.000000	2.001652
516.000000	2.001565
517.000000	2.001520
518.000000	2.001447
519.000000	2.001446
520.000000	2.001392
521.000000	2.001493
522.000000	2.001571
523.000000	2.001257
524.000000	2.001275
525.000000	2.001354
526.000000	2.001426
527.000000	2.001228
528.000000	2.001174
529.000000	2.001285
530.000000	2.001211
531.000000	2.001178
532.000000	2.001186
533.000000	2.001103
534.000000	2.001073
535.000000	2.001003
536.000000	2.001163
537.000000	2.001031
538.000000	2.000837
539.000000	2.000974
540.000000	2.001004
541.000000	2.000964
542.000000	2.001105
543.000000	2.000653
544.000000	2.000857
545.000000	2.000919
546.000000	2.000750
547.000000	2.000745
548.000000	2.000853
549.000000	2.000834
550.000000	2.000722
551.000000	2.000779
552.000000	2.000720
553.000000	2.000552
554.000000	2.000546
555.000000	2.000605
556.000000	2.000660
557.000000	2.000580
558.000000	2.000624
559.000000	2.000431
560.000000	2.000469
561.000000	2.000487
562.000000	2.000475
563.000000	2.000332
564.000000	2.000368
565.000000	2.000445
566.000000	2.000294
567.000000	2.000307
568.000000	2.000371
569.000000	2.000365
570.000000	2.000281
571.000000	2.000161
572.000000	2.000027
573.000000	2.000319
574.000000	2.000182
575.000000	2.000108
576.000000	2.000205
577.000000	2.000043
578.000000	2.000076
579.000000	2.000059
580.000000	2.000012
581.000000	1.999872
582.000000	1.999875
583.000000	1.999940
584.000000	1.999851
585.000000	2.000027
586.000000	1.999935
587.000000	1.999903
588.000000	1.999888
589.000000	1.999877
590.000000	1.999758
591.000000	1.999886
592.000000	1.999795
593.000000	1.999968
594.000000	1.999652
595.000000	1.999830
596.000000	1.999866
597.000000	1.999647
598.000000	1.999701
599.000000	1.999628
600.000000	1.999735
601.000000	1.999624
602.000000	1.999804
603.000000	1.999654
604.000000	1.999723
605.000000	1.999654
606.000000	1.999447
607.000000	1.999655
608.000000	1.999537
609.000000	1.999774
610.000000	1.999530
611.000000	1.999457
612.000000	1.999364
613.000000	1.999392
614.000000	1.999537
615.000000	1.999556
616.000000	1.999412
617.000000	1.999431
618.000000	1.999291
619.000000	1.999486
620.000000	1.999326
621.000000	1.999475
622.000000	1.999303
623.000000	1.999352
624.000000	1.999319
625.000000	1.999308
626.000000	1.999235
627.000000	1.999169
628.000000	1.999263
629.000000	1.999329
630.000000	1.999211
631.000000	1.999227
632.000000	1.999218
633.000000	1.999278
634.000000	1.999134
635.000000	1.999229
636.000000	1.999193
637.000000	1.999255
638.000000	1.999226
639.000000	1.998999
640.000000	1.999125
641.000000	1.999168
642.000000	1.999146
643.000000	1.999270
644.000000	1.999141
645.000000	1.999012
646.000000	1.998999
647.000000	1.998980
648.000000	1.999036
649.000000	1.998954
650.000000	1.998900
651.000000	1.998811
652.000000	1.998790
653.000000	1.998852
654.000000	1.998838
655.000000	1.998853
656.000000	1.998905
657.000000	1.998965
658.000000	1.998821
659.000000	1.998980
660.000000	1.998778
661.000000	1.998762
662.000000	1.998717
663.000000	1.998614
664.000000	1.998722
665.000000	1.998684
666.000000	1.998746
667.000000	1.998795
668.000000	1.998661
669.000000	1.998782
670.000000	1.998757
671.000000	1.998601
672.000000	1.998623
673.000000	1.998709
674.000000	1.998600
675.000000	1.998615
676.000000	1.998637
677.000000	1.998597
678.000000	1.998710
679.000000	1.998501
680.000000	1.998550
681.000000	1.998473
682.000000	1.998578
683.000000	1.998459
684.000000	1.998547
685.000000	1.998545
686.000000	1.998554
687.000000	1.998434
688.000000	1.998392
689.000000	1.998315
690.000000	1.998350
691.000000	1.998338
692.000000	1.998229
693.000000	1.998316
694.000000	1.998331
695.000000	1.998295
696.000000	1.998365
697.000000	1.998307
698.000000	1.998372
699.000000	1.998245
700.000000	1.998205
701.000000	1.998158
702.000000	1.998259
703.000000	1.998369
704.000000	1.998030
705.000000	1.998248
706.000000	1.998299
707.000000	1.998231
708.000000	1.998226
709.000000	1.998185
710.000000	1.998210
711.000000	1.998171
712.000000	1.998151
713.000000	1.998108
714.000000	1.998010
715.000000	1.998026
716.000000	1.998169
717.000000	1.998178
718.000000	1.998244
719.000000	1.998275
720.000000	1.998130
721.000000	1.997983
722.000000	1.998052
723.000000	1.998004
724.000000	1.998040
725.000000	1.998009
726.000000	1.998014
727.000000	1.997947
728.000000	1.997964
729.000000	1.997941
730.000000	1.997925
731.000000	1.997907
732.000000	1.997812
733.000000	1.997955
734.000000	1.997936
735.000000	1.998047
736.000000	1.997787
737.000000	1.997950
738.000000	1.997958
739.000000	1.997911
740.000000	1.997841
741.000000	1.997977
742.000000	1.997973
743.000000	1.997930
744.000000	1.997836
745.000000	1.997892
746.000000	1.997865
747.000000	1.997815
748.000000	1.997864
749.000000	1.997972
750.000000	1.997871
751.000000	1.997823
752.000000	1.997684
753.000000	1.997789
754.000000	1.997659
755.000000	1.997827
756.000000	1.997736
757.000000	1.997807
758.000000	1.997736
759.000000	1.997890
760.000000	1.997799
761.000000	1.997875
762.000000	1.997714
763.000000	1.997865
764.000000	1.997908
765.000000	1.997850
766.000000	1.997649
767.000000	1.997806
768.000000	1.997791
769.000000	1.997732
770.000000	1.997712
771.000000	1.997676
772.000000	1.997640
773.000000	1.997742
774.000000	1.997723
775.000000	1.997580
776.000000	1.997572
777.000000	1.997521
778.000000	1.997620
779.000000	1.997653
780.000000	1.997668
781.000000	1.997677
782.000000	1.997776
783.000000	1.997645
784.000000	1.997741
785.000000	1.997696
786.000000	1.997592
787.000000	1.997735
788.000000	1.997539
789.000000	1.997526
790.000000	1.997591
791.000000	1.997703
792.000000	1.997556
793.000000	1.997545
794.000000	1.997548
795.000000	1.997587
796.000000	1.997503
797.000000	1.997632
798.000000	1.997791
799.000000	1.997628
800.000000	1.997776
801.000000	1.997715
802.000000	1.997701
803.000000	1.997700
804.000000	1.997541
805.000000	1.997644
806.000000	1.997580
807.000000	1.997437
808.000000	1.997490
809.000000	1.997535
810.000000	1.997465
811.000000	1.997626
812.000000	1.997469
813.000000	1.997390
814.000000	1.997401
815.000000	1.997462
816.000000	1.997292
817.000000	1.997457
818.000000	1.997436
819.000000	1.997456
820.000000	1.997413
821.000000	1.997526
822.000000	1.997431
823.000000	1.997322
824.000000	1.997309
825.000000	1.997315
826.000000	1.997226
827.000000	1.997251
828.000000	1.997393
829.000000	1.997287
830.000000	1.997310
831.000000	1.997350
832.000000	1.997082
833.000000	1.997309
834.000000	1.997244
835.000000	1.997104
836.000000	1.997293
837.000000	1.997243
838.000000	1.997376
839.000000	1.997348
840.000000	1.997142
841.000000	1.997133
842.000000	1.997246
843.000000	1.997133
844.000000	1.997069
845.000000	1.997283
846.000000	1.997197
847.000000	1.997256
848.000000	1.997218
849.000000	1.997273
850.000000	1.997056
851.000000	1.997242
852.000000	1.997291
853.000000	1.997069
854.000000	1.997215
855.000000	1.996993
856.000000	1.997158
857.000000	1.997166
858.000000	1.997103
859.000000	1.997195
860.000000	1.996976
861.000000	1.997138
862.000000	1.996984
863.000000	1.997134
864.000000	1.997039
865.000000	1.996983
866.000000	1.997119
867.000000	1.996983
868.000000	1.997010
869.000000	1.996917
870.000000	1.996976
871.000000	1.996884
872.000000	1.996853
873.000000	1.997112
874.000000	1.996928
875.000000	1.996960
876.000000	1.997092
877.000000	1.997031
878.000000	1.997210
879.000000	1.997082
880.000000	1.997171
881.000000	1.996868
882.000000	1.996905
883.000000	1.997055
884.000000	1.996984
885.000000	1.996998
886.000000	1.997090
887.000000	1.997097
888.000000	1.997105
889.000000	1.997049
890.000000	1.996956
891.000000	1.996948
892.000000	1.997037
893.000000	1.996969
894.000000	1.996900
895.000000	1.997047
896.000000	1.997159
897.000000	1.997156
898.000000	1.996948
899.000000	1.997052
900.000000	1.996745
901.000000	1.996951
902.000000	1.996995
903.000000	1.996946
904.000000	1.997091
905.000000	1.997124
906.000000	1.996947
907.000000	1.996887
908.000000	1.996961
909.000000	1.996847
910.000000	1.996872
911.000000	1.996873
912.000000	1.996995
913.000000	1.996809
914.000000	1.996921
915.000000	1.996849
916.000000	1.996930
917.000000	1.996968
918.000000	1.996815
919.000000	1.996745
920.000000	1.996907
921.000000	1.996808
922.000000	1.996771
923.000000	1.996903
924.000000	1.996878
925.000000	1.996992
926.000000	1.996858
927.000000	1.996834
928.000000	1.996803
929.000000	1.996910
930.000000	1.996804
931.000000	1.996782
932.000000	1.996756
933.000000	1.996730
934.000000	1.996904
935.000000	1.996792
936.000000	1.996996
937.000000	1.996754
938.000000	1.996788
939.000000	1.996918
940.000000	1.996767
941.000000	1.996832
942.000000	1.996818
943.000000	1.996654
944.000000	1.996728
945.000000	1.996752
946.000000	1.996749
947.000000	1.996719
948.000000	1.996763
949.000000	1.996783
950.000000	1.996772
951.000000	1.996773
952.000000	1.996825
953.000000	1.996801
954.000000	1.996663
955.000000	1.996760
956.000000	1.996844
957.000000	1.996900
958.000000	1.996721
959.000000	1.996773
960.000000	1.996973
961.000000	1.996690
962.000000	1.996832
963.000000	1.996634
964.000000	1.996710
965.000000	1.996921
966.000000	1.996811
967.000000	1.996782
968.000000	1.996852
969.000000	1.996857
970.000000	1.996898
971.000000	1.996869
972.000000	1.996852
973.000000	1.996908
974.000000	1.996804
975.000000	1.996714
976.000000	1.996723
977.000000	1.996946
978.000000	1.996542
979.000000	1.996832
980.000000	1.996867
981.000000	1.996833
982.000000	1.996752
983.000000	1.996704
984.000000	1.996668
985.000000	1.996745
986.000000	1.996801
987.000000	1.996722
988.000000	1.996762
989.000000	1.996898
990.000000	1.996722
991.000000	1.996731
992.000000	1.996841
993.000000	1.996795
994.000000	1.996745
995.000000	1.996622
996.000000	1.996795
997.000000	1.996916
998.000000	1.996681
999.000000	1.996686
1000.000000	1.996728
1001.000000	1.996789
1002.000000	1.996792
1003.000000	1.996869
1004.000000	1.996660
1005.000000	1.996800
1006.000000	1.996665
1007.000000	1.996613
1008.000000	1.996682
1009.000000	1.996711
1010.000000	1.996759
1011.000000	1.996625
1012.000000	1.996696
1013.000000	1.996595
1014.000000	1.996709
1015.000000	1.996773
1016.000000	1.996569
1017.000000	1.996804
1018.000000	1.996566
1019.000000	1.996576
1020.000000	1.996838
1021.000000	1.996568
1022.000000	1.996584
1023.000000	1.996617
1024.000000	1.996646
1025.000000	1.996789
1026.000000	1.996634
1027.000000	1.996601
1028.000000	1.996730
1029.000000	1.996546
1030.000000	1.996640
1031.000000	1.996600
1032.000000	1.996639
1033.000000	1.996684
1034.000000	1.996597
1035.000000	1.996618
1036.000000	1.996512
1037.000000	1.996562
1038.000000	1.996771
1039.000000	1.996646
1040.000000	1.996610
1041.000000	1.996620
1042.000000	1.996630
1043.000000	1.996555
1044.000000	1.996543
1045.000000	1.996519
1046.000000	1.996695
1047.000000	1.996559
1048.000000	1.996665
1049.000000	1.996645
1050.000000	1.996758
1051.000000	1.996565
1052.000000	1.996569
1053.000000	1.996517
1054.000000	1.996654
1055.000000	1.996583
1056.000000	1.996628
1057.000000	1.996633
1058.000000	1.996520
1059.000000	1.996615
1060.000000	1.996737
1061.000000	1.996697
1062.000000	1.996571
1063.000000	1.996605
1064.000000	1.996518
1065.000000	1.996587
1066.000000	1.996641
1067.000000	1.996384
1068.000000	1.996440
1069.000000	1.996485
1070.000000	1.996519
1071.000000	1.996462
1072.000000	1.996374
1073.000000	1.996365
1074.000000	1.996464
1075.000000	1.996419
1076.000000	1.996507
1077.000000	1.996423
1078.000000	1.996372
1079.000000	1.996448
1080.000000	1.996473
1081.000000	1.996300
1082.000000	1.996387
1083.000000	1.996454
1084.000000	1.996445
1085.000000	1.996382
1086.000000	1.996433
1087.000000	1.996476
1088.000000	1.996547
1089.000000	1.996616
1090.000000	1.996419
1091.000000	1.996614
1092.000000	1.996405
1093.000000	1.996390
1094.000000	1.996343
1095.000000	1.996296
1096.000000	1.996270
1097.000000	1.996292
1098.000000	1.996198
1099.000000	1.996207
1100.000000	1.996230
1101.000000	1.996204
1102.000000	1.996281
1103.000000	1.996404
1104.000000	1.996177
1105.000000	1.996194
1106.000000	1.996204
1107.000000	1.996207
1108.000000	1.996050
1109.000000	1.996124
1110.000000	1.996102
1111.000000	1.996200
1112.000000	1.996203
1113.000000	1.996237
1114.000000	1.996002
1115.000000	1.996115
1116.000000	1.996215
1117.000000	1.996098
1118.000000	1.996187
1119.000000	1.996238
1120.000000	1.996117
1121.000000	1.996121
1122.000000	1.995951
1123.000000	1.996149
1124.000000	1.996073
1125.000000	1.996019
1126.000000	1.995904
1127.000000	1.996040
1128.000000	1.995942
1129.000000	1.995976
1130.000000	1.996016
1131.000000	1.995973
1132.000000	1.996083
1133.000000	1.995872
1134.000000	1.995898
1135.000000	1.995901
1136.000000	1.995990
1137.000000	1.995849
1138.000000	1.995987
1139.000000	1.996001
1140.000000	1.995897
1141.000000	1.995717
1142.000000	1.995827
1143.000000	1.995824
1144.000000	1.995913
1145.000000	1.995873
1146.000000	1.995855
1147.000000	1.995720
1148.000000	1.995620
1149.000000	1.995815
1150.000000	1.995678
1151.000000	1.995810
1152.000000	1.995804
1153.000000	1.995875
1154.000000	1.995686
1155.000000	1.995729
1156.000000	1.995639
1157.000000	1.995658
1158.000000	1.995466
1159.000000	1.995589
1160.000000	1.995653
1161.000000	1.995725
1162.000000	1.995662
1163.000000	1.995634
1164.000000	1.995581
1165.000000	1.995621
1166.000000	1.995439
1167.000000	1.995472
1168.000000	1.995673
1169.000000	1.995581
1170.000000	1.995585
1171.000000	1.995561
1172.000000	1.995729
1173.000000	1.995659
1174.000000	1.995532
1175.000000	1.995563
1176.000000	1.995625
1177.000000	1.995545
1178.000000	1.995494
1179.000000	1.995428
1180.000000	1.995454
1181.000000	1.995564
1182.000000	1.995474
1183.000000	1.995420
1184.000000	1.995320
1185.000000	1.995412
1186.000000	1.995552
1187.000000	1.995367
1188.000000	1.995432
1189.000000	1.995520
1190.000000	1.995338
1191.000000	1.995486
1192.000000	1.995462
1193.000000	1.995521
1194.000000	1.995363
1195.000000	1.995402
1196.000000	1.995341
1197.000000	1.995165
1198.000000	1.995319
1199.000000	1.995149
1200.000000	1.995272
1201.000000	1.995168
1202.000000	1.995266
1203.000000	1.995296
1204.000000	1.995377
1205.000000	1.995313
1206.000000	1.995260
1207.000000	1.995285
1208.000000	1.995242
1209.000000	1.995229
1210.000000	1.995216
1211.000000	1.995292
1212.000000	1.995062
1213.000000	1.994556
1214.000000	1.994398
1215.000000	1.994178
1216.000000	1.994182
1217.000000	1.994190
1218.000000	1.994151
1219.000000	1.994184
1220.000000	1.994118
1221.000000	1.994301
1222.000000	1.994336
1223.000000	1.994233
1224.000000	1.996524
1225.000000	2.000567
1226.000000	2.001866
1227.000000	2.003461
1228.000000	2.005417
1229.000000	2.007459
1230.000000	2.009326
1231.000000	2.011154
1232.000000	2.012945
1233.000000	2.014776
1234.000000	2.016426
1235.000000	2.018191
1236.000000	2.019977
1237.000000	2.021735
1238.000000	2.023177
1239.000000	2.025014
1240.000000	2.026732
1241.000000	2.028456
1242.000000	2.030101
1243.000000	2.031814
1244.000000	2.033512
1245.000000	2.035251
1246.000000	2.037049
1247.000000	2.038692
1248.000000	2.040387
1249.000000	2.042130
1250.000000	2.043814
1251.000000	2.045554
1252.000000	2.047279
1253.000000	2.048902
1254.000000	2.050719
1255.000000	2.052265
1256.000000	2.054137
1257.000000	2.055885
1258.000000	2.057560
1259.000000	2.059179
1260.000000	2.060934
1261.000000	2.062779
1262.000000	2.064282
1263.000000	2.066031
1264.000000	2.067675
1265.000000	2.069432
1266.000000	2.071025
1267.000000	2.072735
1268.000000	2.074406
1269.000000	2.075976
1270.000000	2.077923
1271.000000	2.079655
1272.000000	2.081194
1273.000000	2.083174
1274.000000	2.084581
1275.000000	2.086439
1276.000000	2.087907
1277.000000	2.089656
1278.000000	2.091319
1279.000000	2.093081
1280.000000	2.094642
1281.000000	2.096333
1282.000000	2.097980
1283.000000	2.099802
1284.000000	2.101369
1285.000000	2.103097
1286.000000	2.104551
1287.000000	2.106467
1288.000000	2.108205
1289.000000	2.109748
1290.000000	2.111350
1291.000000	2.113181
1292.000000	2.114648
1293.000000	2.116439
1294.000000	2.118045
1295.000000	2.119731
1296.000000	2.121265
1297.000000	2.123127
1298.000000	2.124752
1299.000000	2.126356
1300.000000	2.128042
1301.000000	2.129757
1302.000000	2.131425
1303.000000	2.133126
1304.000000	2.134905
1305.000000	2.136388
1306.000000	2.138185
1307.000000	2.139833
1308.000000	2.141396
1309.000000	2.143080
1310.000000	2.144940
1311.000000	2.146643
1312.000000	2.148236
1313.000000	2.149781
1314.000000	2.151526
1315.000000	2.153237
1316.000000	2.155042
1317.000000	2.156614
1318.000000	2.158102
1319.000000	2.159819
1320.000000	2.161465
1321.000000	2.163438
1322.000000	2.165077
1323.000000	2.166411
1324.000000	2.168329
1325.000000	2.170000
1326.000000	2.171757
1327.000000	2.173351
1328.000000	2.174887
1329.000000	2.176615
1330.000000	2.178355
1331.000000	2.179976
1332.000000	2.181761
1333.000000	2.183282
1334.000000	2.185035
1335.000000	2.186846
1336.000000	2.188273
1337.000000	2.190134
1338.000000	2.191709
1339.000000	2.193453
1340.000000	2.194965
1341.000000	2.196720
1342.000000	2.198250
1343.000000	2.200203
1344.000000	2.201817
1345.000000	2.203428
1346.000000	2.205109
1347.000000	2.206651
1348.000000	2.208481
1349.000000	2.210076
1350.000000	2.211855
1351.000000	2.213465
1352.000000	2.215192
1353.000000	2.216976
1354.000000	2.218651
1355.000000	2.220185
1356.000000	2.221930
1357.000000	2.223566
1358.000000	2.225238
1359.000000	2.226753
1360.000000	2.228664
1361.000000	2.230174
1362.000000	2.231768
1363.000000	2.233580
1364.000000	2.235154
1365.000000	2.236861
1366.000000	2.238493
1367.000000	2.240122
1368.000000	2.241915
1369.000000	2.243569
1370.000000	2.245323
1371.000000	2.246987
1372.000000	2.248493
1373.000000	2.250189
1374.000000	2.251913
1375.000000	2.253732
1376.000000	2.255258
1377.000000	2.256945
1378.000000	2.258587
1379.000000	2.260247
1380.000000	2.261833
1381.000000	2.263526
1382.000000	2.265412
1383.000000	2.266844
1384.000000	2.268721
1385.000000	2.270265
1386.000000	2.271896
1387.000000	2.273638
1388.000000	2.275396
1389.000000	2.277105
1390.000000	2.278547
1391.000000	2.280430
1392.000000	2.281903
1393.000000	2.283730
1394.000000	2.285330
1395.000000	2.286981
1396.000000	2.288787
1397.000000	2.290410
1398.000000	2.291903
1399.000000	2.293786
1400.000000	2.295411
1401.000000	2.297007
1402.000000	2.298732
1403.000000	2.300459
1404.000000	2.302034
1405.000000	2.303731
1406.000000	2.305409
1407.000000	2.306872
1408.000000	2.308749
1409.000000	2.310354
1410.000000	2.312007
1411.000000	2.313722
1412.000000	2.315458
1413.000000	2.317036
1414.000000	2.318843
1415.000000	2.320454
1416.000000	2.322142
1417.000000	2.323877
1418.000000	2.325553
1419.000000	2.327114
1420.000000	2.328836
1421.000000	2.330545
1422.000000	2.332363
1423.000000	2.333913
1424.000000	2.335486
1425.000000	2.337245
1426.000000	2.338838
1427.000000	2.340509
1428.000000	2.342280
1429.000000	2.343918
1430.000000	2.345641
1431.000000	2.347300
1432.000000	2.348882
1433.000000	2.350637
1434.000000	2.352230
1435.000000	2.353921
1436.000000	2.355629
1437.000000	2.357281
1438.000000	2.358951
1439.000000	2.360631
1440.000000	2.362177
1441.000000	2.363776
1442.000000	2.365551
1443.000000	2.367200
1444.000000	2.368832
1445.000000	2.370631
1446.000000	2.372222
1447.000000	2.373847
1448.000000	2.375571
1449.000000	2.377253
1450.000000	2.378674
1451.000000	2.380578
1452.000000	2.382059
1453.000000	2.383829
1454.000000	2.385612
1455.000000	2.387253
1456.000000	2.388923
1457.000000	2.390308
1458.000000	2.392180
1459.000000	2.394130
1460.000000	2.395615
1461.000000	2.397278
1462.000000	2.398777
1463.000000	2.400412
1464.000000	2.402136
1465.000000	2.403797
1466.000000	2.405435
1467.000000	2.407033
1468.000000	2.408749
1469.000000	2.410433
1470.000000	2.411927
1471.000000	2.413877
1472.000000	2.415331
1473.000000	2.417067
1474.000000	2.418645
1475.000000	2.420460
1476.000000	2.421997
1477.000000	2.423734
1478.000000	2.425511
1479.000000	2.427100
1480.000000	2.428701
1481.000000	2.430324
1482.000000	2.431888
1483.000000	2.433754
1484.000000	2.435285
1485.000000	2.436993
1486.000000	2.438639
1487.000000	2.440435
1488.000000	2.441882
1489.000000	2.443638
1490.000000	2.445299
1491.000000	2.446937
1492.000000	2.448399
1493.000000	2.450296
1494.000000	2.451954
1495.000000	2.453503
1496.000000	2.455243
1497.000000	2.456913
1498.000000	2.458552
1499.000000	2.460210
1500.000000	2.461965
1501.000000	2.463293
1502.000000	2.465172
1503.000000	2.466783
1504.000000	2.468410
1505.000000	2.469913
1506.000000	2.471597
1507.000000	2.473368
1508.000000	2.475083
1509.000000	2.476687
1510.000000	2.478304
1511.000000	2.479845
1512.000000	2.481551
1513.000000	2.483306
1514.000000	2.484808
1515.000000	2.486506
1516.000000	2.488236
1517.000000	2.489854
1518.000000	2.491338
1519.000000	2.492918
1520.000000	2.494784
1521.000000	2.496428
1522.000000	2.497874
1523.000000	2.499661
1524.000000	2.501365
1525.000000	2.502965
1526.000000	2.504486
1527.000000	2.506302
1528.000000	2.507892
1529.000000	2.509418
1530.000000	2.510937
1531.000000	2.512719
1532.000000	2.514362
1533.000000	2.515974
1534.000000	2.517584
1535.000000	2.519144
1536.000000	2.520917
1537.000000	2.522581
1538.000000	2.524166
1539.000000	2.525803
1540.000000	2.527455
1541.000000	2.529070
1542.000000	2.530713
1543.000000	2.532355
1544.000000	2.534052
1545.000000	2.535667
1546.000000	2.537305
1547.000000	2.538910
1548.000000	2.540584
1549.000000	2.542282
1550.000000	2.543854
1551.000000	2.545402
1552.000000	2.547125
1553.000000	2.548733
1554.000000	2.550384
1555.000000	2.552075
1556.000000	2.553760
1557.000000	2.555443
1558.000000	2.557156
1559.000000	2.558613
1560.000000	2.560403
1561.000000	2.561828
1562.000000	2.563707
1563.000000	2.565104
1564.000000	2.566633
1565.000000	2.568396
1566.000000	2.569918
1567.000000	2.571751
1568.000000	2.573475
1569.000000	2.574869
1570.000000	2.576567
1571.000000	2.578249
1572.000000	2.579812
1573.000000	2.581293
1574.000000	2.582962
1575.000000	2.584661
1576.000000	2.586258
1577.000000	2.587821
1578.000000	2.589490
1579.000000	2.591165
1580.000000	2.592640
1581.000000	2.594311
1582.000000	2.595887
1583.000000	2.597591
1584.000000	2.599212
1585.000000	2.600786
1586.000000	2.602373
1587.000000	2.604042
1588.000000	2.605816
1589.000000	2.607475
1590.000000	2.608903
1591.000000	2.610578
1592.000000	2.612158
1593.000000	2.613600
1594.000000	2.615294
1595.000000	2.617115
1596.000000	2.618688
1597.000000	2.620305
1598.000000	2.621779
1599.000000	2.623465
1600.000000	2.625152
1601.000000	2.626788
1602.000000	2.628260
1603.000000	2.629743
1604.000000	2.631295
1605.000000	2.633087
1606.000000	2.634643
1607.000000	2.636269
1608.000000	2.637888
1609.000000	2.639357
1610.000000	2.641014
1611.000000	2.642779
1612.000000	2.644454
1613.000000	2.645822
1614.000000	2.647398
1615.000000	2.648991
1616.000000	2.650620
1617.000000	2.652303
1618.000000	2.653780
1619.000000	2.655320
1620.000000	2.656927
1621.000000	2.658717
1622.000000	2.660093
1623.000000	2.661780
1624.000000	2.663345
1625.000000	2.665003
1626.000000	2.666481
1627.000000	2.668166
1628.000000	2.669703
1629.000000	2.671371
1630.000000	2.673033
1631.000000	2.674336
1632.000000	2.676087
1633.000000	2.677587
1634.000000	2.679220
1635.000000	2.680755
1636.000000	2.682440
1637.000000	2.683992
1638.000000	2.685577
1639.000000	2.687153
1640.000000	2.688567
1641.000000	2.690379
1642.000000	2.691781
1643.000000	2.693583
1644.000000	2.695208
1645.000000	2.696563
1646.000000	2.698200
1647.000000	2.699930
1648.000000	2.701408
1649.000000	2.703064
1650.000000	2.704630
1651.000000	2.706063
1652.000000	2.707673
1653.000000	2.709356
1654.000000	2.710922
1655.000000	2.712654
1656.000000	2.714327
1657.000000	2.715789
1658.000000	2.717525
1659.000000	2.719011
1660.000000	2.720520
1661.000000	2.722167
1662.000000	2.723881
1663.000000	2.725327
1664.000000	2.726917
1665.000000	2.728579
1666.000000	2.730158
1667.000000	2.731747
1668.000000	2.733048
1669.000000	2.734808
1670.000000	2.736291
1671.000000	2.737950
1672.000000	2.739557
1673.000000	2.741104
1674.000000	2.742740
1675.000000	2.744350
1676.000000	2.745939
1677.000000	2.747459
1678.000000	2.749000
1679.000000	2.750698
1680.000000	2.752142
1681.000000	2.753808
1682.000000	2.755478
1683.000000	2.757027
1684.000000	2.758492
1685.000000	2.760021
1686.000000	2.761539
1687.000000	2.763181
1688.000000	2.764794
1689.000000	2.766332
1690.000000	2.767816
1691.000000	2.769437
1692.000000	2.771228
1693.000000	2.772588
1694.000000	2.774269
1695.000000	2.775855
1696.000000	2.777365
1697.000000	2.778922
1698.000000	2.780515
1699.000000	2.782049
1700.000000	2.783557
1701.000000	2.785252
1702.000000	2.786595
1703.000000	2.788380
1704.000000	2.789884
1705.000000	2.791335
1706.000000	2.793118
1707.000000	2.794510
1708.000000	2.796140
1709.000000	2.797729
1710.000000	2.799261
1711.000000	2.800793
1712.000000	2.802433
1713.000000	2.804075
1714.000000	2.804992
1715.000000	2.805761
1716.000000	2.806488
1717.000000	2.807173
1718.000000	2.807824
1719.000000	2.808549
1720.000000	2.809322
1721.000000	2.809959
1722.000000	2.810707
1723.000000	2.811419
1724.000000	2.812086
1725.000000	2.812793
1726.000000	2.813395
1727.000000	2.814163
1728.000000	2.814866
1729.000000	2.815644
1730.000000	2.816350
1731.000000	2.816984
1732.000000	2.817647
1733.000000	2.818368
1734.000000	2.819107
1735.000000	2.819798
1736.000000	2.820431
1737.000000	2.821280
1738.000000	2.821884
1739.000000	2.822621
1740.000000	2.823326
1741.000000	2.824028
1742.000000	2.824748
1743.000000	2.825314
1744.000000	2.826056
1745.000000	2.826843
1746.000000	2.827495
1747.000000	2.828193
1748.000000	2.828799
1749.000000	2.829560
1750.000000	2.830376
1751.000000	2.830912
1752.000000	2.831695
1753.000000	2.832416
1754.000000	2.833070
1755.000000	2.833787
1756.000000	2.834528
1757.000000	2.835146
1758.000000	2.835862
1759.000000	2.836503
1760.000000	2.837283
1761.000000	2.837998
1762.000000	2.838700
1763.000000	2.839335
1764.000000	2.839997
1765.000000	2.840803
1766.000000	2.841484
1767.000000	2.842121
1768.000000	2.842835
1769.000000	2.843566
1770.000000	2.844283
1771.000000	2.844948
1772.000000	2.845644
1773.000000	2.846361
1774.000000	2.847087
1775.000000	2.847757
1776.000000	2.848438
1777.000000	2.849125
1778.000000	2.849791
1779.000000	2.850494
1780.000000	2.851258
1781.000000	2.851933
1782.000000	2.852637
1783.000000	2.853281
1784.000000	2.854066
1785.000000	2.854674
1786.000000	2.855414
1787.000000	2.856051
1788.000000	2.856824
1789.000000	2.857402
1790.000000	2.858223
1791.000000	2.858881
1792.000000	2.859590
1793.000000	2.860209
1794.000000	2.860974
1795.000000	2.861671
1796.000000	2.862295
1797.000000	2.863020
1798.000000	2.863712
1799.000000	2.864390
1800.000000	2.865079
1801.000000	2.865702
1802.000000	2.866436
1803.000000	2.867079
1804.000000	2.867851
1805.000000	2.868569
1806.000000	2.869223
1807.000000	2.869860
1808.000000	2.870516
1809.000000	2.871294
1810.000000	2.871980
1811.000000	2.872626
1812.000000	2.873316
1813.000000	2.874017
1814.000000	2.874700
1815.000000	2.875485
1816.000000	2.876049
1817.000000	2.876806
1818.000000	2.877480
1819.000000	2.878172
1820.000000	2.878841
1821.000000	2.879478
1822.000000	2.880157
1823.000000	2.880870
1824.000000	2.881540
1825.000000	2.882211
1826.000000	2.882914
1827.000000	2.883653
1828.000000	2.884316
1829.000000	2.884946
1830.000000	2.885670
1831.000000	2.886435
1832.000000	2.886989
1833.000000	2.887692
1834.000000	2.888446
1835.000000	2.889123
1836.000000	2.889701
1837.000000	2.890397
1838.000000	2.891084
1839.000000	2.891837
1840.000000	2.892437
1841.000000	2.893273
1842.000000	2.893903
1843.000000	2.894582
1844.000000	2.895240
1845.000000	2.895888
1846.000000	2.896600
1847.000000	2.897275
1848.000000	2.897957
1849.000000	2.898621
1850.000000	2.899364
1851.000000	2.900044
1852.000000	2.900669
1853.000000	2.901420
1854.000000	2.902031
1855.000000	2.902683
1856.000000	2.903394
1857.000000	2.904044
1858.000000	2.904805
1859.000000	2.905453
1860.000000	2.906108
1861.000000	2.906736
1862.000000	2.907496
1863.000000	2.908187
1864.000000	2.908822
1865.000000	2.909502
1866.000000	2.910184
1867.000000	2.910839
1868.000000	2.911520
1869.000000	2.912238
1870.000000	2.912908
1871.000000	2.913446
1872.000000	2.914165
1873.000000	2.914919
1874.000000	2.915579
1875.000000	2.916321
1876.000000	2.916923
1877.000000	2.917639
1878.000000	2.918234
1879.000000	2.918899
1880.000000	2.919595
1881.000000	2.920307
1882.000000	2.920933
1883.000000	2.921590
1884.000000	2.922154
1885.000000	2.922945
1886.000000	2.923641
1887.000000	2.924296
1888.000000	2.924984
1889.000000	2.925684
1890.000000	2.926303
1891.000000	2.927019
1892.000000	2.927644
1893.000000	2.928295
1894.000000	2.929032
1895.000000	2.929604
1896.000000	2.930330
1897.000000	2.930914
1898.000000	2.931668
1899.000000	2.932301
1900.000000	2.933017
1901.000000	2.933706
1902.000000	2.934397
1903.000000	2.934955
1904.000000	2.935624
1905.000000	2.936363
1906.000000	2.936964
1907.000000	2.937599
1908.000000	2.938287
1909.000000	2.939034
1910.000000	2.939660
1911.000000	2.940379
1912.000000	2.940968
1913.000000	2.941683
1914.000000	2.942315
1915.000000	2.942969
1916.000000	2.943649
1917.000000	2.944319
1918.000000	2.945000
1919.000000	2.945633
1920.000000	2.946377
1921.000000	2.946951
1922.000000	2.947590
1923.000000	2.948281
1924.000000	2.948886
1925.000000	2.949558
1926.000000	2.950302
1927.000000	2.950914
1928.000000	2.951592
1929.000000	2.952232
1930.000000	2.952914
1931.000000	2.953590
1932.000000	2.954251
1933.000000	2.954828
1934.000000	2.955459
1935.000000	2.956225
1936.000000	2.956807
1937.000000	2.957477
1938.000000	2.958146
1939.000000	2.958774
1940.000000	2.959493
1941.000000	2.960130
1942.000000	2.960764
1943.000000	2.961363
1944.000000	2.962125
1945.000000	2.962716
1946.000000	2.963421
1947.000000	2.964070
1948.000000	2.964693
1949.000000	2.965337
1950.000000	2.965975
1951.000000	2.966691
1952.000000	2.967311
1953.000000	2.967974
1954.000000	2.968618
1955.000000	2.969337
1956.000000	2.969958
1957.000000	2.970601
1958.000000	2.971231
1959.000000	2.971914
1960.000000	2.972469
1961.000000	2.973262
1962.000000	2.973910
1963.000000	2.974530
1964.000000	2.975203
1965.000000	2.975882
1966.000000	2.976465
1967.000000	2.977149
1968.000000	2.977829
1969.000000	2.978556
1970.000000	2.979125
1971.000000	2.979769
