0.000000	0.020458
1.000000	0.020440
1.000000	0.020414
2.000000	0.020398
3.000000	0.020360
4.000000	0.020329
5.000000	0.020300
6.000000	0.020261
7.000000	0.020229
8.000000	0.020203
9.000000	0.020172
10.000000	0.020139
11.000000	0.020106
12.000000	0.020076
13.000000	0.020047
14.000000	0.020012
15.000000	0.019987
16.000000	0.019956
17.000000	0.019930
18.000000	0.019897
19.000000	0.019866
20.000000	0.019836
21.000000	0.019811
22.000000	0.019784
23.000000	0.019751
24.000000	0.019722
25.000000	0.019696
26.000000	0.019668
27.000000	0.019638
28.000000	0.019606
29.000000	0.019573
30.000000	0.019549
31.000000	0.019524
32.000000	0.019492
33.000000	0.019463
34.000000	0.019433
35.000000	0.019411
36.000000	0.019388
37.000000	0.019353
38.000000	0.019328
39.000000	0.019300
40.000000	0.019278
41.000000	0.019252
42.000000	0.019220
43.000000	0.019191
44.000000	0.019164
45.000000	0.019140
46.000000	0.019121
47.000000	0.019098
48.000000	0.019088
49.000000	0.019072
50.000000	0.019061
51.000000	0.019049
52.000000	0.019038
53.000000	0.019029
54.000000	0.019018
55.000000	0.019010
56.000000	0.019002
57.000000	0.018991
58.000000	0.018981
59.000000	0.018973
60.000000	0.018961
61.000000	0.018949
62.000000	0.018942
63.000000	0.018928
64.000000	0.018918
65.000000	0.018907
66.000000	0.018898
67.000000	0.018885
68.000000	0.018880
69.000000	0.018874
70.000000	0.018866
71.000000	0.018855
72.000000	0.018844
73.000000	0.018832
74.000000	0.018822
75.000000	0.018812
76.000000	0.018805
77.000000	0.018797
78.000000	0.018787
79.000000	0.018774
80.000000	0.018763
81.000000	0.018755
82.000000	0.018746
83.000000	0.018740
84.000000	0.018731
85.000000	0.018721
86.000000	0.018714
87.000000	0.018704
88.000000	0.018692
89.000000	0.018685
90.000000	0.018674
91.000000	0.018665
92.000000	0.018654
93.000000	0.018643
94.000000	0.018634
95.000000	0.018623
96.000000	0.018610
97.000000	0.018603
98.000000	0.018591
99.000000	0.018584
100.000000	0.018577
101.000000	0.018567
102.000000	0.018561
103.000000	0.018551
104.000000	0.018543
105.000000	0.018537
106.000000	0.018526
107.000000	0.018518
108.000000	0.018512
109.000000	0.018503
110.000000	0.018492
111.000000	0.018481
112.000000	0.018473
113.000000	0.018462
114.000000	0.018457
115.000000	0.018450
116.000000	0.018444
117.000000	0.018436
118.000000	0.018429
119.000000	0.018424
120.000000	0.018416
121.000000	0.018406
122.000000	0.018397
123.000000	0.018383
124.000000	0.018376
125.000000	0.018368
126.000000	0.018363
127.000000	0.018353
128.000000	0.018345
129.000000	0.018334
130.000000	0.018324
131.000000	0.018314
132.000000	0.018306
133.000000	0.018294
134.000000	0.018287
135.000000	0.018279
136.000000	0.018270
137.000000	0.018261
138.000000	0.018255
139.000000	0.018247
140.000000	0.018237
141.000000	0.018227
142.000000	0.018220
143.000000	0.018211
144.000000	0.018203
145.000000	0.018195
146.000000	0.018184
147.000000	0.018179
148.000000	0.018169
149.000000	0.018162
150.000000	0.018151
151.000000	0.018146
152.000000	0.018137
153.000000	0.018129
154.000000	0.018123
155.000000	0.018115
156.000000	0.018109
157.000000	0.018098
158.000000	0.018088
159.000000	0.018079
160.000000	0.018073
161.000000	0.018067
162.000000	0.018058
163.000000	0.018054
164.000000	0.018047
165.000000	0.018034
166.000000	0.018013
167.000000	0.017993
168.000000	0.017969
169.000000	0.017946
170.000000	0.017924
171.000000	0.017901
172.000000	0.017879
173.000000	0.017859
174.000000	0.017845
175.000000	0.017830
176.000000	0.017811
177.000000	0.017795
178.000000	0.017779
179.000000	0.017768
180.000000	0.017761
181.000000	0.017761
182.000000	0.017840
183.000000	0.017992
184.000000	0.018120
185.000000	0.018235
186.000000	0.018344
187.000000	0.018449
188.000000	0.018546
189.000000	0.018641
190.000000	0.018732
191.000000	0.018822
192.000000	0.018909
193.000000	0.018993
194.000000	0.019075
195.000000	0.019232
196.000000	0.019418
197.000000	0.019601
198.000000	0.019782
199.000000	0.019960
200.000000	0.020134
201.000000	0.020307
202.000000	0.020479
203.000000	0.020643
204.000000	0.020764
205.000000	0.020836
206.000000	0.020849
207.000000	0.020789
208.000000	0.020615
209.000000	0.020284
210.000000	0.019784
211.000000	0.019005
212.000000	0.018326
213.000000	0.017360
214.000000	0.016198
215.000000	0.014780
216.000000	0.013093
217.000000	0.011222
218.000000	0.009425
219.000000	0.007823
220.000000	0.006272
221.000000	0.004774
222.000000	0.003680
223.000000	0.002838
224.000000	0.002207
225.000000	0.001740
226.000000	0.001395
227.000000	0.001160
228.000000	0.000986
229.000000	0.000850
230.000000	0.000748
231.000000	0.000663
232.000000	0.000591
233.000000	0.000529
234.000000	0.000477
235.000000	0.000434
236.000000	0.000395
237.000000	0.000361
238.000000	0.000334
239.000000	0.000307
240.000000	0.000282
241.000000	0.000263
242.000000	0.000244
243.000000	0.000228
244.000000	0.000219
245.000000	0.000210
246.000000	0.000203
247.000000	0.000196
248.000000	0.000189
249.000000	0.000184
250.000000	0.000178
251.000000	0.000174
252.000000	0.000170
253.000000	0.000166
254.000000	0.000162
255.000000	0.000159
256.000000	0.000155
257.000000	0.000153
258.000000	0.000150
259.000000	0.000147
260.000000	0.000144
261.000000	0.000142
262.000000	0.000138
263.000000	0.000137
264.000000	0.000134
265.000000	0.000131
266.000000	0.000130
267.000000	0.000128
268.000000	0.000126
269.000000	0.000123
270.000000	0.000122
271.000000	0.000120
272.000000	0.000118
273.000000	0.000116
274.000000	0.000113
275.000000	0.000112
276.000000	0.000110
277.000000	0.000109
278.000000	0.000107
279.000000	0.000105
280.000000	0.000104
281.000000	0.000103
282.000000	0.000102
283.000000	0.000099
284.000000	0.000098
285.000000	0.000097
286.000000	0.000095
287.000000	0.000094
288.000000	0.000093
289.000000	0.000098
290.000000	0.000102
291.000000	0.000099
292.000000	0.000097
293.000000	0.000095
294.000000	0.000093
295.000000	0.000090
296.000000	0.000090
297.000000	0.000090
298.000000	0.000087
299.000000	0.000085
300.000000	0.000085
301.000000	0.000083
302.000000	0.000082
303.000000	0.000081
304.000000	0.000080
305.000000	0.000079
306.000000	0.000079
307.000000	0.000078
308.000000	0.000076
309.000000	0.000076
310.000000	0.000074
311.000000	0.000073
312.000000	0.000072
313.000000	0.000072
314.000000	0.000071
315.000000	0.000070
316.000000	0.000070
317.000000	0.000068
318.000000	0.000067
319.000000	0.000068
320.000000	0.000066
321.000000	0.000065
322.000000	0.000064
323.000000	0.000064
324.000000	0.000063
325.000000	0.000062
326.000000	0.000061
327.000000	0.000060
328.000000	0.000060
329.000000	0.000060
330.000000	0.000059
331.000000	0.000058
332.000000	0.000055
333.000000	0.000053
334.000000	0.000054
335.000000	0.000053
336.000000	0.000053
337.000000	0.000051
338.000000	0.000051
339.000000	0.000050
340.000000	0.000049
341.000000	0.000049
342.000000	0.000048
343.000000	0.000048
344.000000	0.000047
345.000000	0.000047
346.000000	0.000046
347.000000	0.000045
348.000000	0.000045
349.000000	0.000045
350.000000	0.000044
351.000000	0.000044
352.000000	0.000043
353.000000	0.000043
354.000000	0.000042
355.000000	0.000041
356.000000	0.000041
357.000000	0.000040
358.000000	0.000040
359.000000	0.000039
360.000000	0.000040
361.000000	0.000039
362.000000	0.000039
363.000000	0.000039
364.000000	0.000039
365.000000	0.000038
366.000000	0.000038
367.000000	0.000037
368.000000	0.000037
369.000000	0.000036
370.000000	0.000035
371.000000	0.000035
372.000000	0.000035
373.000000	0.000034
374.000000	0.000035
375.000000	0.000034
376.000000	0.000034
377.000000	0.000033
378.000000	0.000033
379.000000	0.000033
380.000000	0.000032
381.000000	0.000032
382.000000	0.000032
383.000000	0.000031
384.000000	0.000031
385.000000	0.000031
386.000000	0.000031
387.000000	0.000030
388.000000	0.000029
389.000000	0.000029
390.000000	0.000030
391.000000	0.000029
392.000000	0.000081
393.000000	0.000062
394.000000	0.000053
395.000000	0.000050
396.000000	0.000047
397.000000	0.000046
398.000000	0.000044
399.000000	0.000044
400.000000	0.000043
401.000000	0.000043
402.000000	0.000041
403.000000	0.000041
404.000000	0.000040
405.000000	0.000040
406.000000	0.000039
407.000000	0.000039
408.000000	0.000038
409.000000	0.000038
410.000000	0.000037
411.000000	0.000037
412.000000	0.000036
413.000000	0.000037
414.000000	0.000036
415.000000	0.000036
416.000000	0.000036
417.000000	0.000035
418.000000	0.000034
419.000000	0.000035
420.000000	0.000034
421.000000	0.000034
422.000000	0.000034
423.000000	0.000033
424.000000	0.000033
425.000000	0.000032
426.000000	0.000033
427.000000	0.000032
428.000000	0.000032
429.000000	0.000032
430.000000	0.000031
431.000000	0.000030
432.000000	0.000031
433.000000	0.000030
434.000000	0.000029
435.000000	0.000030
436.000000	0.000029
437.000000	0.000029
438.000000	0.000029
439.000000	0.000029
440.000000	0.000029
441.000000	0.000028
442.000000	0.000028
443.000000	0.000028
444.000000	0.000028
445.000000	0.000028
446.000000	0.000027
447.000000	0.000027
448.000000	0.000028
449.000000	0.000027
450.000000	0.000027
451.000000	0.000026
452.000000	0.000026
453.000000	0.000027
454.000000	0.000025
455.000000	0.000026
456.000000	0.000026
457.000000	0.000026
458.000000	0.000025
459.000000	0.000025
460.000000	0.000025
461.000000	0.000025
462.000000	0.000024
463.000000	0.000024
464.000000	0.000024
465.000000	0.000025
466.000000	0.000024
467.000000	0.000024
468.000000	0.000023
469.000000	0.000024
470.000000	0.000023
471.000000	0.000023
472.000000	0.000023
473.000000	0.000023
474.000000	0.000022
475.000000	0.000022
476.000000	0.000022
477.000000	0.000022
478.000000	0.000022
479.000000	0.000022
480.000000	0.000021
481.000000	0.000021
482.000000	0.000022
483.000000	0.000022
484.000000	0.000021
485.000000	0.000021
486.000000	0.000021
487.000000	0.000021
488.000000	0.000021
489.000000	0.000020
490.000000	0.000020
491.000000	0.000020
492.000000	0.000020
493.000000	0.000019
494.000000	0.000020
495.000000	0.000020
496.000000	0.000019
497.000000	0.000019
498.000000	0.000019
499.000000	0.000019
500.000000	0.000019
501.000000	0.000018
502.000000	0.000019
503.000000	0.000018
504.000000	0.000018
505.000000	0.000018
506.000000	0.000018
507.000000	0.000018
508.000000	0.000017
509.000000	0.000018
510.000000	0.000017
511.000000	0.000017
512.000000	0.000018
513.000000	0.000017
514.000000	0.000017
515.000000	0.000017
516.000000	0.000017
517.000000	0.000017
518.000000	0.000016
519.000000	0.000016
520.000000	0.000016
521.000000	0.000017
522.000000	0.000017
523.000000	0.000016
524.000000	0.000016
525.000000	0.000016
526.000000	0.000016
527.000000	0.000015
528.000000	0.000015
529.000000	0.000016
530.000000	0.000015
531.000000	0.000015
532.000000	0.000015
533.000000	0.000015
534.000000	0.000015
535.000000	0.000014
536.000000	0.000015
537.000000	0.000015
538.000000	0.000014
539.000000	0.000014
540.000000	0.000014
541.000000	0.000014
542.000000	0.000015
543.000000	0.000013
544.000000	0.000014
545.000000	0.000014
546.000000	0.000013
547.000000	0.000013
548.000000	0.000014
549.000000	0.000014
550.000000	0.000013
551.000000	0.000013
552.000000	0.000013
553.000000	0.000012
554.000000	0.000012
555.000000	0.000013
556.000000	0.000013
557.000000	0.000013
558.000000	0.000013
559.000000	0.000012
560.000000	0.000012
561.000000	0.000012
562.000000	0.000012
563.000000	0.000011
564.000000	0.000012
565.000000	0.000012
566.000000	0.000011
567.000000	0.000011
568.000000	0.000012
569.000000	0.000012
570.000000	0.000011
571.000000	0.000011
572.000000	0.000010
573.000000	0.000011
574.000000	0.000011
575.000000	0.000010
576.000000	0.000011
577.000000	0.000010
578.000000	0.000010
579.000000	0.000010
580.000000	0.000010
581.000000	0.000000
582.000000	0.000000
583.000000	0.000000
584.000000	0.000000
585.000000	0.000010
586.000000	0.000000
587.000000	0.000000
588.000000	0.000000
589.000000	0.000000
590.000000	0.000000
591.000000	0.000000
592.000000	0.000000
593.000000	0.000000
594.000000	0.000000
595.000000	0.000000
596.000000	0.000000
597.000000	0.000000
598.000000	0.000000
599.000000	0.000000
600.000000	0.000000
601.000000	0.000000
602.000000	0.000000
603.000000	0.000000
604.000000	0.000000
605.000000	0.000000
606.000000	0.000000
607.000000	0.000000
608.000000	0.000000
609.000000	0.000000
610.000000	0.000000
611.000000	0.000000
612.000000	0.000000
613.000000	0.000000
614.000000	0.000000
615.000000	0.000000
616.000000	0.000000
617.000000	0.000000
618.000000	0.000000
619.000000	0.000000
620.000000	0.000000
621.000000	0.000000
622.000000	0.000000
623.000000	0.000000
624.000000	0.000000
625.000000	0.000000
626.000000	0.000000
627.000000	0.000000
628.000000	0.000000
629.000000	0.000000
630.000000	0.000000
631.000000	0.000000
632.000000	0.000000
633.000000	0.000000
634.000000	0.000000
635.000000	0.000000
636.000000	0.000000
637.000000	0.000000
638.000000	0.000000
639.000000	0.000000
640.000000	0.000000
641.000000	0.000000
642.000000	0.000000
643.000000	0.000000
644.000000	0.000000
645.000000	0.000000
646.000000	0.000000
647.000000	0.000000
648.000000	0.000000
649.000000	0.000000
650.000000	0.000000
651.000000	0.000000
652.000000	0.000000
653.000000	0.000000
654.000000	0.000000
655.000000	0.000000
656.000000	0.000000
657.000000	0.000000
658.000000	0.000000
659.000000	0.000000
660.000000	0.000000
661.000000	0.000000
662.000000	0.000000
663.000000	0.000000
664.000000	0.000000
665.000000	0.000000
666.000000	0.000000
667.000000	0.000000
668.000000	0.000000
669.000000	0.000000
670.000000	0.000000
671.000000	0.000000
672.000000	0.000000
673.000000	0.000000
674.000000	0.000000
675.000000	0.000000
676.000000	0.000000
677.000000	0.000000
678.000000	0.000000
679.000000	0.000000
680.000000	0.000000
681.000000	0.000000
682.000000	0.000000
683.000000	0.000000
684.000000	0.000000
685.000000	0.000000
686.000000	0.000000
687.000000	0.000000
688.000000	0.000000
689.000000	0.000000
690.000000	0.000000
691.000000	0.000000
692.000000	0.000000
693.000000	0.000000
694.000000	0.000000
695.000000	0.000000
696.000000	0.000000
697.000000	0.000000
698.000000	0.000000
699.000000	0.000000
700.000000	0.000000
701.000000	0.000000
702.000000	0.000000
703.000000	0.000000
704.000000	0.000000
705.000000	0.000000
706.000000	0.000000
707.000000	0.000000
708.000000	0.000000
709.000000	0.000000
710.000000	0.000000
711.000000	0.000000
712.000000	0.000000
713.000000	0.000000
714.000000	0.000000
715.000000	0.000000
716.000000	0.000000
717.000000	0.000000
718.000000	0.000000
719.000000	0.000000
720.000000	0.000000
721.000000	0.000000
722.000000	0.000000
723.000000	0.000000
724.000000	0.000000
725.000000	0.000000
726.000000	0.000000
727.000000	0.000000
728.000000	0.000000
729.000000	0.000000
730.000000	0.000000
731.000000	0.000000
732.000000	0.000000
733.000000	0.000000
734.000000	0.000000
735.000000	0.000000
736.000000	0.000000
737.000000	0.000000
738.000000	0.000000
739.000000	0.000000
740.000000	0.000000
741.000000	0.000000
742.000000	0.000000
743.000000	0.000000
744.000000	0.000000
745.000000	0.000000
746.000000	0.000000
747.000000	0.000000
748.000000	0.000000
749.000000	0.000000
750.000000	0.000000
751.000000	0.000000
752.000000	0.000000
753.000000	0.000000
754.000000	0.000000
755.000000	0.000000
756.000000	0.000000
757.000000	0.000000
758.000000	0.000000
759.000000	0.000000
760.000000	0.000000
761.000000	0.000000
762.000000	0.000000
763.000000	0.000000
764.000000	0.000000
765.000000	0.000000
766.000000	0.000000
767.000000	0.000000
768.000000	0.000000
769.000000	0.000000
770.000000	0.000000
771.000000	0.000000
772.000000	0.000000
773.000000	0.000000
774.000000	0.000000
775.000000	0.000000
776.000000	0.000000
777.000000	0.000000
778.000000	0.000000
779.000000	0.000000
780.000000	0.000000
781.000000	0.000000
782.000000	0.000000
783.000000	0.000000
784.000000	0.000000
785.000000	0.000000
786.000000	0.000000
787.000000	0.000000
788.000000	0.000000
789.000000	0.000000
790.000000	0.000000
791.000000	0.000000
792.000000	0.000000
793.000000	0.000000
794.000000	0.000000
795.000000	0.000000
796.000000	0.000000
797.000000	0.000000
798.000000	0.000000
799.000000	0.000000
800.000000	0.000000
801.000000	0.000000
802.000000	0.000000
803.000000	0.000000
804.000000	0.000000
805.000000	0.000000
806.000000	0.000000
807.000000	0.000000
808.000000	0.000000
809.000000	0.000000
810.000000	0.000000
811.000000	0.000000
812.000000	0.000000
813.000000	0.000000
814.000000	0.000000
815.000000	0.000000
816.000000	0.000000
817.000000	0.000000
818.000000	0.000000
819.000000	0.000000
820.000000	0.000000
821.000000	0.000000
822.000000	0.000000
823.000000	0.000000
824.000000	0.000000
825.000000	0.000000
826.000000	0.000000
827.000000	0.000000
828.000000	0.000000
829.000000	0.000000
830.000000	0.000000
831.000000	0.000000
832.000000	0.000000
833.000000	0.000000
834.000000	0.000000
835.000000	0.000000
836.000000	0.000000
837.000000	0.000000
838.000000	0.000000
839.000000	0.000000
840.000000	0.000000
841.000000	0.000000
842.000000	0.000000
843.000000	0.000000
844.000000	0.000000
845.000000	0.000000
846.000000	0.000000
847.000000	0.000000
848.000000	0.000000
849.000000	0.000000
850.000000	0.000000
851.000000	0.000000
852.000000	0.000000
853.000000	0.000000
854.000000	0.000000
855.000000	0.000000
856.000000	0.000000
857.000000	0.000000
858.000000	0.000000
859.000000	0.000000
860.000000	0.000000
861.000000	0.000000
862.000000	0.000000
863.000000	0.000000
864.000000	0.000000
865.000000	0.000000
866.000000	0.000000
867.000000	0.000000
868.000000	0.000000
869.000000	0.000000
870.000000	0.000000
871.000000	0.000000
872.000000	0.000000
873.000000	0.000000
874.000000	0.000000
875.000000	0.000000
876.000000	0.000000
877.000000	0.000000
878.000000	0.000000
879.000000	0.000000
880.000000	0.000000
881.000000	0.000000
882.000000	0.000000
883.000000	0.000000
884.000000	0.000000
885.000000	0.000000
886.000000	0.000000
887.000000	0.000000
888.000000	0.000000
889.000000	0.000000
890.000000	0.000000
891.000000	0.000000
892.000000	0.000000
893.000000	0.000000
894.000000	0.000000
895.000000	0.000000
896.000000	0.000000
897.000000	0.000000
898.000000	0.000000
899.000000	0.000000
900.000000	0.000000
901.000000	0.000000
902.000000	0.000000
903.000000	0.000000
904.000000	0.000000
905.000000	0.000000
906.000000	0.000000
907.000000	0.000000
908.000000	0.000000
909.000000	0.000000
910.000000	0.000000
911.000000	0.000000
912.000000	0.000000
913.000000	0.000000
914.000000	0.000000
915.000000	0.000000
916.000000	0.000000
917.000000	0.000000
918.000000	0.000000
919.000000	0.000000
920.000000	0.000000
921.000000	0.000000
922.000000	0.000000
923.000000	0.000000
924.000000	0.000000
925.000000	0.000000
926.000000	0.000000
927.000000	0.000000
928.000000	0.000000
929.000000	0.000000
930.000000	0.000000
931.000000	0.000000
932.000000	0.000000
933.000000	0.000000
934.000000	0.000000
935.000000	0.000000
936.000000	0.000000
937.000000	0.000000
938.000000	0.000000
939.000000	0.000000
940.000000	0.000000
941.000000	0.000000
942.000000	0.000000
943.000000	0.000000
944.000000	0.000000
945.000000	0.000000
946.000000	0.000000
947.000000	0.000000
948.000000	0.000000
949.000000	0.000000
950.000000	0.000000
951.000000	0.000000
952.000000	0.000000
953.000000	0.000000
954.000000	0.000000
955.000000	0.000000
956.000000	0.000000
957.000000	0.000000
958.000000	0.000000
959.000000	0.000000
960.000000	0.000000
961.000000	0.000000
962.000000	0.000000
963.000000	0.000000
964.000000	0.000000
965.000000	0.000000
966.000000	0.000000
967.000000	0.000000
968.000000	0.000000
969.000000	0.000000
970.000000	0.000000
971.000000	0.000000
972.000000	0.000000
973.000000	0.000000
974.000000	0.000000
975.000000	0.000000
976.000000	0.000000
977.000000	0.000000
978.000000	0.000000
979.000000	0.000000
980.000000	0.000000
981.000000	0.000000
982.000000	0.000000
983.000000	0.000000
984.000000	0.000000
985.000000	0.000000
986.000000	0.000000
987.000000	0.000000
988.000000	0.000000
989.000000	0.000000
990.000000	0.000000
991.000000	0.000000
992.000000	0.000000
993.000000	0.000000
994.000000	0.000000
995.000000	0.000000
996.000000	0.000000
997.000000	0.000000
998.000000	0.000000
999.000000	0.000000
1000.000000	0.000000
1001.000000	0.000000
1002.000000	0.000000
1003.000000	0.000000
1004.000000	0.000000
1005.000000	0.000000
1006.000000	0.000000
1007.000000	0.000000
1008.000000	0.000000
1009.000000	0.000000
1010.000000	0.000000
1011.000000	0.000000
1012.000000	0.000000
1013.000000	0.000000
1014.000000	0.000000
1015.000000	0.000000
1016.000000	0.000000
1017.000000	0.000000
1018.000000	0.000000
1019.000000	0.000000
1020.000000	0.000000
1021.000000	0.000000
1022.000000	0.000000
1023.000000	0.000000
1024.000000	0.000000
1025.000000	0.000000
1026.000000	0.000000
1027.000000	0.000000
1028.000000	0.000000
1029.000000	0.000000
1030.000000	0.000000
1031.000000	0.000000
1032.000000	0.000000
1033.000000	0.000000
1034.000000	0.000000
1035.000000	0.000000
1036.000000	0.000000
1037.000000	0.000000
1038.000000	0.000000
1039.000000	0.000000
1040.000000	0.000000
1041.000000	0.000000
1042.000000	0.000000
1043.000000	0.000000
1044.000000	0.000000
1045.000000	0.000000
1046.000000	0.000000
1047.000000	0.000000
1048.000000	0.000000
1049.000000	0.000000
1050.000000	0.000000
1051.000000	0.000000
1052.000000	0.000000
1053.000000	0.000000
1054.000000	0.000000
1055.000000	0.000000
1056.000000	0.000000
1057.000000	0.000000
1058.000000	0.000000
1059.000000	0.000000
1060.000000	0.000000
1061.000000	0.000000
1062.000000	0.000000
1063.000000	0.000000
1064.000000	0.000000
1065.000000	0.000000
1066.000000	0.000000
1067.000000	0.000000
1068.000000	0.000000
1069.000000	0.000000
1070.000000	0.000000
1071.000000	0.000000
1072.000000	0.000000
1073.000000	0.000000
1074.000000	0.000000
1075.000000	0.000000
1076.000000	0.000000
1077.000000	0.000000
1078.000000	0.000000
1079.000000	0.000000
1080.000000	0.000000
1081.000000	0.000000
1082.000000	0.000000
1083.000000	0.000000
1084.000000	0.000000
1085.000000	0.000000
1086.000000	0.000000
1087.000000	0.000000
1088.000000	0.000000
1089.000000	0.000000
1090.000000	0.000000
1091.000000	0.000000
1092.000000	0.000000
1093.000000	0.000000
1094.000000	0.000000
1095.000000	0.000000
1096.000000	0.000000
1097.000000	0.000000
1098.000000	0.000000
1099.000000	0.000000
1100.000000	0.000000
1101.000000	0.000000
1102.000000	0.000000
1103.000000	0.000000
1104.000000	0.000000
1105.000000	0.000000
1106.000000	0.000000
1107.000000	0.000000
1108.000000	0.000000
1109.000000	0.000000
1110.000000	0.000000
1111.000000	0.000000
1112.000000	0.000000
1113.000000	0.000000
1114.000000	0.000000
1115.000000	0.000000
1116.000000	0.000000
1117.000000	0.000000
1118.000000	0.000000
1119.000000	0.000000
1120.000000	0.000000
1121.000000	0.000000
1122.000000	0.000000
1123.000000	0.000000
1124.000000	0.000000
1125.000000	0.000000
1126.000000	0.000000
1127.000000	0.000000
1128.000000	0.000000
1129.000000	0.000000
1130.000000	0.000000
1131.000000	0.000000
1132.000000	0.000000
1133.000000	0.000000
1134.000000	0.000000
1135.000000	0.000000
1136.000000	0.000000
1137.000000	0.000000
1138.000000	0.000000
1139.000000	0.000000
1140.000000	0.000000
1141.000000	0.000000
1142.000000	0.000000
1143.000000	0.000000
1144.000000	0.000000
1145.000000	0.000000
1146.000000	0.000000
1147.000000	0.000000
1148.000000	0.000000
1149.000000	0.000000
1150.000000	0.000000
1151.000000	0.000000
1152.000000	0.000000
1153.000000	0.000000
1154.000000	0.000000
1155.000000	0.000000
1156.000000	0.000000
1157.000000	0.000000
1158.000000	0.000000
1159.000000	0.000000
1160.000000	0.000000
1161.000000	0.000000
1162.000000	0.000000
1163.000000	0.000000
1164.000000	0.000000
1165.000000	0.000000
1166.000000	0.000000
1167.000000	0.000000
1168.000000	0.000000
1169.000000	0.000000
1170.000000	0.000000
1171.000000	0.000000
1172.000000	0.000000
1173.000000	0.000000
1174.000000	0.000000
1175.000000	0.000000
1176.000000	0.000000
1177.000000	0.000000
1178.000000	0.000000
1179.000000	0.000000
1180.000000	0.000000
1181.000000	0.000000
1182.000000	0.000000
1183.000000	0.000000
1184.000000	0.000000
1185.000000	0.000000
1186.000000	0.000000
1187.000000	0.000000
1188.000000	0.000000
1189.000000	0.000000
1190.000000	0.000000
1191.000000	0.000000
1192.000000	0.000000
1193.000000	0.000000
1194.000000	0.000000
1195.000000	0.000000
1196.000000	0.000000
1197.000000	0.000000
1198.000000	0.000000
1199.000000	0.000000
1200.000000	0.000000
1201.000000	0.000000
1202.000000	0.000000
1203.000000	0.000000
1204.000000	0.000000
1205.000000	0.000000
1206.000000	0.000000
1207.000000	0.000000
1208.000000	0.000000
1209.000000	0.000000
1210.000000	0.000000
1211.000000	0.000000
1212.000000	0.000000
1213.000000	0.000000
1214.000000	0.000000
1215.000000	0.000000
1216.000000	0.000000
1217.000000	0.000000
1218.000000	0.000000
1219.000000	0.000000
1220.000000	0.000000
1221.000000	0.000000
1222.000000	0.000000
1223.000000	0.000000
1224.000000	0.000000
1225.000000	0.000013
1226.000000	0.000018
1227.000000	0.000025
1228.000000	0.000034
1229.000000	0.000043
1230.000000	0.000051
1231.000000	0.000059
1232.000000	0.000067
1233.000000	0.000075
1234.000000	0.000083
1235.000000	0.000090
1236.000000	0.000098
1237.000000	0.000106
1238.000000	0.000112
1239.000000	0.000121
1240.000000	0.000128
1241.000000	0.000136
1242.000000	0.000143
1243.000000	0.000151
1244.000000	0.000158
1245.000000	0.000166
1246.000000	0.000174
1247.000000	0.000181
1248.000000	0.000189
1249.000000	0.000196
1250.000000	0.000204
1251.000000	0.000211
1252.000000	0.000219
1253.000000	0.000226
1254.000000	0.000237
1255.000000	0.000249
1256.000000	0.000263
1257.000000	0.000277
1258.000000	0.000290
1259.000000	0.000303
1260.000000	0.000316
1261.000000	0.000331
1262.000000	0.000342
1263.000000	0.000356
1264.000000	0.000369
1265.000000	0.000383
1266.000000	0.000395
1267.000000	0.000408
1268.000000	0.000421
1269.000000	0.000434
1270.000000	0.000449
1271.000000	0.000462
1272.000000	0.000474
1273.000000	0.000490
1274.000000	0.000501
1275.000000	0.000515
1276.000000	0.000527
1277.000000	0.000540
1278.000000	0.000553
1279.000000	0.000567
1280.000000	0.000579
1281.000000	0.000592
1282.000000	0.000605
1283.000000	0.000619
1284.000000	0.000631
1285.000000	0.000644
1286.000000	0.000655
1287.000000	0.000669
1288.000000	0.000682
1289.000000	0.000693
1290.000000	0.000705
1291.000000	0.000718
1292.000000	0.000729
1293.000000	0.000742
1294.000000	0.000754
1295.000000	0.000767
1296.000000	0.000778
1297.000000	0.000792
1298.000000	0.000804
1299.000000	0.000816
1300.000000	0.000828
1301.000000	0.000841
1302.000000	0.000853
1303.000000	0.000866
1304.000000	0.000879
1305.000000	0.000890
1306.000000	0.000903
1307.000000	0.000915
1308.000000	0.000927
1309.000000	0.000939
1310.000000	0.000953
1311.000000	0.000966
1312.000000	0.000977
1313.000000	0.000989
1314.000000	0.001002
1315.000000	0.001014
1316.000000	0.001028
1317.000000	0.001039
1318.000000	0.001050
1319.000000	0.001063
1320.000000	0.001075
1321.000000	0.001090
1322.000000	0.001102
1323.000000	0.001112
1324.000000	0.001126
1325.000000	0.001138
1326.000000	0.001151
1327.000000	0.001163
1328.000000	0.001174
1329.000000	0.001187
1330.000000	0.001200
1331.000000	0.001212
1332.000000	0.001225
1333.000000	0.001236
1334.000000	0.001249
1335.000000	0.001263
1336.000000	0.001273
1337.000000	0.001287
1338.000000	0.001299
1339.000000	0.001312
1340.000000	0.001323
1341.000000	0.001336
1342.000000	0.001347
1343.000000	0.001362
1344.000000	0.001375
1345.000000	0.001388
1346.000000	0.001401
1347.000000	0.001414
1348.000000	0.001428
1349.000000	0.001441
1350.000000	0.001455
1351.000000	0.001468
1352.000000	0.001482
1353.000000	0.001497
1354.000000	0.001510
1355.000000	0.001522
1356.000000	0.001537
1357.000000	0.001550
1358.000000	0.001563
1359.000000	0.001575
1360.000000	0.001591
1361.000000	0.001603
1362.000000	0.001616
1363.000000	0.001630
1364.000000	0.001643
1365.000000	0.001657
1366.000000	0.001670
1367.000000	0.001683
1368.000000	0.001697
1369.000000	0.001711
1370.000000	0.001725
1371.000000	0.001738
1372.000000	0.001750
1373.000000	0.001764
1374.000000	0.001778
1375.000000	0.001793
1376.000000	0.001805
1377.000000	0.001818
1378.000000	0.001832
1379.000000	0.001845
1380.000000	0.001858
1381.000000	0.001871
1382.000000	0.001887
1383.000000	0.001898
1384.000000	0.001913
1385.000000	0.001926
1386.000000	0.001939
1387.000000	0.001953
1388.000000	0.001967
1389.000000	0.001981
1390.000000	0.001992
1391.000000	0.002007
1392.000000	0.002019
1393.000000	0.002034
1394.000000	0.002047
1395.000000	0.002060
1396.000000	0.002075
1397.000000	0.002088
1398.000000	0.002100
1399.000000	0.002115
1400.000000	0.002128
1401.000000	0.002141
1402.000000	0.002155
1403.000000	0.002169
1404.000000	0.002181
1405.000000	0.002195
1406.000000	0.002209
1407.000000	0.002220
1408.000000	0.002235
1409.000000	0.002248
1410.000000	0.002262
1411.000000	0.002275
1412.000000	0.002289
1413.000000	0.002302
1414.000000	0.002317
1415.000000	0.002330
1416.000000	0.002343
1417.000000	0.002357
1418.000000	0.002371
1419.000000	0.002383
1420.000000	0.002397
1421.000000	0.002411
1422.000000	0.002426
1423.000000	0.002438
1424.000000	0.002451
1425.000000	0.002465
1426.000000	0.002478
1427.000000	0.002491
1428.000000	0.002505
1429.000000	0.002519
1430.000000	0.002532
1431.000000	0.002546
1432.000000	0.002559
1433.000000	0.002573
1434.000000	0.002585
1435.000000	0.002599
1436.000000	0.002613
1437.000000	0.002626
1438.000000	0.002640
1439.000000	0.002653
1440.000000	0.002666
1441.000000	0.002678
1442.000000	0.002693
1443.000000	0.002706
1444.000000	0.002719
1445.000000	0.002734
1446.000000	0.002746
1447.000000	0.002759
1448.000000	0.002773
1449.000000	0.002787
1450.000000	0.002798
1451.000000	0.002814
1452.000000	0.002826
1453.000000	0.002840
1454.000000	0.002854
1455.000000	0.002867
1456.000000	0.002881
1457.000000	0.002892
1458.000000	0.002907
1459.000000	0.002923
1460.000000	0.002935
1461.000000	0.002948
1462.000000	0.002960
1463.000000	0.002973
1464.000000	0.002988
1465.000000	0.003001
1466.000000	0.003015
1467.000000	0.003028
1468.000000	0.003042
1469.000000	0.003056
1470.000000	0.003068
1471.000000	0.003084
1472.000000	0.003096
1473.000000	0.003110
1474.000000	0.003123
1475.000000	0.003138
1476.000000	0.003150
1477.000000	0.003165
1478.000000	0.003179
1479.000000	0.003192
1480.000000	0.003205
1481.000000	0.003219
1482.000000	0.003231
1483.000000	0.003247
1484.000000	0.003259
1485.000000	0.003273
1486.000000	0.003287
1487.000000	0.003302
1488.000000	0.003313
1489.000000	0.003328
1490.000000	0.003341
1491.000000	0.003355
1492.000000	0.003367
1493.000000	0.003382
1494.000000	0.003396
1495.000000	0.003409
1496.000000	0.003423
1497.000000	0.003437
1498.000000	0.003450
1499.000000	0.003464
1500.000000	0.003478
1501.000000	0.003489
1502.000000	0.003504
1503.000000	0.003518
1504.000000	0.003531
1505.000000	0.003543
1506.000000	0.003557
1507.000000	0.003572
1508.000000	0.003586
1509.000000	0.003599
1510.000000	0.003612
1511.000000	0.003625
1512.000000	0.003639
1513.000000	0.003653
1514.000000	0.003665
1515.000000	0.003679
1516.000000	0.003694
1517.000000	0.003707
1518.000000	0.003719
1519.000000	0.003732
1520.000000	0.003747
1521.000000	0.003761
1522.000000	0.003773
1523.000000	0.003787
1524.000000	0.003801
1525.000000	0.003814
1526.000000	0.003827
1527.000000	0.003842
1528.000000	0.003855
1529.000000	0.003867
1530.000000	0.003880
1531.000000	0.003894
1532.000000	0.003908
1533.000000	0.003921
1534.000000	0.003934
1535.000000	0.003947
1536.000000	0.003962
1537.000000	0.003975
1538.000000	0.003988
1539.000000	0.004002
1540.000000	0.004015
1541.000000	0.004028
1542.000000	0.004042
1543.000000	0.004055
1544.000000	0.004069
1545.000000	0.004082
1546.000000	0.004096
1547.000000	0.004109
1548.000000	0.004123
1549.000000	0.004137
1550.000000	0.004150
1551.000000	0.004162
1552.000000	0.004176
1553.000000	0.004190
1554.000000	0.004203
1555.000000	0.004217
1556.000000	0.004231
1557.000000	0.004245
1558.000000	0.004259
1559.000000	0.004271
1560.000000	0.004285
1561.000000	0.004297
1562.000000	0.004312
1563.000000	0.004324
1564.000000	0.004336
1565.000000	0.004351
1566.000000	0.004363
1567.000000	0.004378
1568.000000	0.004392
1569.000000	0.004404
1570.000000	0.004418
1571.000000	0.004432
1572.000000	0.004444
1573.000000	0.004457
1574.000000	0.004470
1575.000000	0.004484
1576.000000	0.004497
1577.000000	0.004510
1578.000000	0.004524
1579.000000	0.004538
1580.000000	0.004550
1581.000000	0.004563
1582.000000	0.004576
1583.000000	0.004590
1584.000000	0.004604
1585.000000	0.004617
1586.000000	0.004633
1587.000000	0.004648
1588.000000	0.004665
1589.000000	0.004681
1590.000000	0.004695
1591.000000	0.004710
1592.000000	0.004726
1593.000000	0.004739
1594.000000	0.004755
1595.000000	0.004773
1596.000000	0.004788
1597.000000	0.004803
1598.000000	0.004817
1599.000000	0.004833
1600.000000	0.004849
1601.000000	0.004864
1602.000000	0.004878
1603.000000	0.004893
1604.000000	0.004907
1605.000000	0.004924
1606.000000	0.004939
1607.000000	0.004955
1608.000000	0.004970
1609.000000	0.004984
1610.000000	0.005000
1611.000000	0.005016
1612.000000	0.005032
1613.000000	0.005045
1614.000000	0.005060
1615.000000	0.005075
1616.000000	0.005091
1617.000000	0.005107
1618.000000	0.005121
1619.000000	0.005136
1620.000000	0.005151
1621.000000	0.005168
1622.000000	0.005181
1623.000000	0.005197
1624.000000	0.005212
1625.000000	0.005228
1626.000000	0.005242
1627.000000	0.005258
1628.000000	0.005272
1629.000000	0.005288
1630.000000	0.005304
1631.000000	0.005316
1632.000000	0.005333
1633.000000	0.005347
1634.000000	0.005363
1635.000000	0.005377
1636.000000	0.005393
1637.000000	0.005408
1638.000000	0.005423
1639.000000	0.005438
1640.000000	0.005451
1641.000000	0.005469
1642.000000	0.005482
1643.000000	0.005499
1644.000000	0.005514
1645.000000	0.005527
1646.000000	0.005543
1647.000000	0.005559
1648.000000	0.005573
1649.000000	0.005589
1650.000000	0.005604
1651.000000	0.005618
1652.000000	0.005633
1653.000000	0.005649
1654.000000	0.005664
1655.000000	0.005680
1656.000000	0.005696
1657.000000	0.005710
1658.000000	0.005726
1659.000000	0.005741
1660.000000	0.005755
1661.000000	0.005771
1662.000000	0.005787
1663.000000	0.005801
1664.000000	0.005816
1665.000000	0.005831
1666.000000	0.005847
1667.000000	0.005862
1668.000000	0.005874
1669.000000	0.005891
1670.000000	0.005905
1671.000000	0.005921
1672.000000	0.005936
1673.000000	0.005950
1674.000000	0.005966
1675.000000	0.005981
1676.000000	0.005996
1677.000000	0.006011
1678.000000	0.006026
1679.000000	0.006042
1680.000000	0.006055
1681.000000	0.006071
1682.000000	0.006087
1683.000000	0.006102
1684.000000	0.006116
1685.000000	0.006130
1686.000000	0.006145
1687.000000	0.006160
1688.000000	0.006176
1689.000000	0.006190
1690.000000	0.006204
1691.000000	0.006220
1692.000000	0.006237
1693.000000	0.006250
1694.000000	0.006266
1695.000000	0.006281
1696.000000	0.006295
1697.000000	0.006310
1698.000000	0.006325
1699.000000	0.006339
1700.000000	0.006354
1701.000000	0.006370
1702.000000	0.006383
1703.000000	0.006400
1704.000000	0.006414
1705.000000	0.006428
1706.000000	0.006445
1707.000000	0.006458
1708.000000	0.006473
1709.000000	0.006488
1710.000000	0.006503
1711.000000	0.006525
1712.000000	0.006555
1713.000000	0.006585
1714.000000	0.006602
1715.000000	0.006616
1716.000000	0.006630
1717.000000	0.006642
1718.000000	0.006654
1719.000000	0.006668
1720.000000	0.006682
1721.000000	0.006694
1722.000000	0.006708
1723.000000	0.006721
1724.000000	0.006733
1725.000000	0.006746
1726.000000	0.006757
1727.000000	0.006771
1728.000000	0.006784
1729.000000	0.006799
1730.000000	0.006812
1731.000000	0.006823
1732.000000	0.006836
1733.000000	0.006849
1734.000000	0.006863
1735.000000	0.006875
1736.000000	0.006887
1737.000000	0.006903
1738.000000	0.006914
1739.000000	0.006927
1740.000000	0.006940
1741.000000	0.006953
1742.000000	0.006967
1743.000000	0.006977
1744.000000	0.006991
1745.000000	0.007005
1746.000000	0.007017
1747.000000	0.007030
1748.000000	0.007041
1749.000000	0.007055
1750.000000	0.007070
1751.000000	0.007080
1752.000000	0.007095
1753.000000	0.007108
1754.000000	0.007120
1755.000000	0.007133
1756.000000	0.007147
1757.000000	0.007158
1758.000000	0.007172
1759.000000	0.007183
1760.000000	0.007198
1761.000000	0.007211
1762.000000	0.007224
1763.000000	0.007236
1764.000000	0.007248
1765.000000	0.007263
1766.000000	0.007275
1767.000000	0.007287
1768.000000	0.007300
1769.000000	0.007314
1770.000000	0.007327
1771.000000	0.007339
1772.000000	0.007352
1773.000000	0.007365
1774.000000	0.007379
1775.000000	0.007391
1776.000000	0.007404
1777.000000	0.007416
1778.000000	0.007429
1779.000000	0.007442
1780.000000	0.007456
1781.000000	0.007468
1782.000000	0.007481
1783.000000	0.007493
1784.000000	0.007508
1785.000000	0.007519
1786.000000	0.007532
1787.000000	0.007544
1788.000000	0.007558
1789.000000	0.007569
1790.000000	0.007584
1791.000000	0.007596
1792.000000	0.007609
1793.000000	0.007621
1794.000000	0.007635
1795.000000	0.007648
1796.000000	0.007659
1797.000000	0.007673
1798.000000	0.007685
1799.000000	0.007698
1800.000000	0.007711
1801.000000	0.007722
1802.000000	0.007736
1803.000000	0.007748
1804.000000	0.007762
1805.000000	0.007775
1806.000000	0.007787
1807.000000	0.007799
1808.000000	0.007811
1809.000000	0.007825
1810.000000	0.007838
1811.000000	0.007850
1812.000000	0.007863
1813.000000	0.007876
1814.000000	0.007888
1815.000000	0.007903
1816.000000	0.007913
1817.000000	0.007927
1818.000000	0.007939
1819.000000	0.007952
1820.000000	0.007965
1821.000000	0.007976
1822.000000	0.007989
1823.000000	0.008002
1824.000000	0.008014
1825.000000	0.008027
1826.000000	0.008040
1827.000000	0.008053
1828.000000	0.008066
1829.000000	0.008077
1830.000000	0.008091
1831.000000	0.008105
1832.000000	0.008115
1833.000000	0.008128
1834.000000	0.008142
1835.000000	0.008154
1836.000000	0.008165
1837.000000	0.008178
1838.000000	0.008190
1839.000000	0.008204
1840.000000	0.008215
1841.000000	0.008231
1842.000000	0.008243
1843.000000	0.008255
1844.000000	0.008267
1845.000000	0.008279
1846.000000	0.008292
1847.000000	0.008305
1848.000000	0.008317
1849.000000	0.008330
1850.000000	0.008343
1851.000000	0.008356
1852.000000	0.008367
1853.000000	0.008381
1854.000000	0.008392
1855.000000	0.008404
1856.000000	0.008418
1857.000000	0.008430
1858.000000	0.008444
1859.000000	0.008456
1860.000000	0.008468
1861.000000	0.008479
1862.000000	0.008493
1863.000000	0.008506
1864.000000	0.008518
1865.000000	0.008530
1866.000000	0.008543
1867.000000	0.008555
1868.000000	0.008568
1869.000000	0.008581
1870.000000	0.008593
1871.000000	0.008603
1872.000000	0.008616
1873.000000	0.008630
1874.000000	0.008642
1875.000000	0.008656
1876.000000	0.008667
1877.000000	0.008680
1878.000000	0.008691
1879.000000	0.008704
1880.000000	0.008717
1881.000000	0.008730
1882.000000	0.008741
1883.000000	0.008753
1884.000000	0.008764
1885.000000	0.008778
1886.000000	0.008791
1887.000000	0.008803
1888.000000	0.008816
1889.000000	0.008829
1890.000000	0.008840
1891.000000	0.008854
1892.000000	0.008865
1893.000000	0.008877
1894.000000	0.008891
1895.000000	0.008901
1896.000000	0.008915
1897.000000	0.008925
1898.000000	0.008939
1899.000000	0.008951
1900.000000	0.008964
1901.000000	0.008977
1902.000000	0.008990
1903.000000	0.009000
1904.000000	0.009012
1905.000000	0.009026
1906.000000	0.009037
1907.000000	0.009049
1908.000000	0.009061
1909.000000	0.009075
1910.000000	0.009087
1911.000000	0.009100
1912.000000	0.009111
1913.000000	0.009124
1914.000000	0.009136
1915.000000	0.009148
1916.000000	0.009160
1917.000000	0.009173
1918.000000	0.009185
1919.000000	0.009197
1920.000000	0.009211
1921.000000	0.009221
1922.000000	0.009233
1923.000000	0.009246
1924.000000	0.009257
1925.000000	0.009269
1926.000000	0.009283
1927.000000	0.009294
1928.000000	0.009307
1929.000000	0.009319
1930.000000	0.009331
1931.000000	0.009344
1932.000000	0.009356
1933.000000	0.009367
1934.000000	0.009378
1935.000000	0.009392
1936.000000	0.009403
1937.000000	0.009415
1938.000000	0.009428
1939.000000	0.009439
1940.000000	0.009453
1941.000000	0.009464
1942.000000	0.009476
1943.000000	0.009487
1944.000000	0.009501
1945.000000	0.009512
1946.000000	0.009525
1947.000000	0.009537
1948.000000	0.009549
1949.000000	0.009560
1950.000000	0.009572
1951.000000	0.009585
1952.000000	0.009597
1953.000000	0.009609
1954.000000	0.009621
1955.000000	0.009634
1956.000000	0.009646
1957.000000	0.009658
1958.000000	0.009669
1959.000000	0.009682
1960.000000	0.009692
1961.000000	0.009707
1962.000000	0.009719
1963.000000	0.009730
1964.000000	0.009742
1965.000000	0.009755
1966.000000	0.009766
1967.000000	0.009778
1968.000000	0.009791
1969.000000	0.009804
1970.000000	0.009815
1971.000000	0.009827
