0.000000	1.986037
1.000000	1.985681
2.000000	1.988747
3.000000	1.992634
4.000000	1.994296
5.000000	1.996676
6.000000	1.998814
7.000000	2.000765
8.000000	2.002429
9.000000	2.086308
10.000000	2.375192
11.000000	2.677432
12.000000	2.879567
13.000000	3.004698
14.000000	3.124388
15.000000	3.239141
16.000000	3.349702
17.000000	3.456396
18.000000	3.500691
19.000000	3.539145
20.000000	3.576588
21.000000	3.612960
22.000000	3.648496
23.000000	3.683153
24.000000	3.716902
25.000000	3.749997
26.000000	3.782358
27.000000	3.814067
28.000000	3.845189
29.000000	3.875744
30.000000	3.905662
31.000000	3.935094
32.000000	3.963980
33.000000	3.992426
34.000000	4.020452
35.000000	4.048026
36.000000	4.075131
37.000000	4.101876
38.000000	4.128202
39.000000	4.154229
40.000000	4.179880
41.000000	4.205190
42.000000	4.230164
43.000000	4.254799
44.000000	4.279124
45.000000	4.303219
46.000000	4.327028
47.000000	4.350502
48.000000	4.373695
49.000000	4.396692
50.000000	4.419356
51.000000	4.441949
52.000000	4.464141
53.000000	4.486138
54.000000	4.507890
55.000000	4.529474
56.000000	4.550796
57.000000	4.572000
58.000000	4.592983
59.000000	4.613745
60.000000	4.634325
61.000000	4.654704
62.000000	4.674909
63.000000	4.694977
64.000000	4.714831
65.000000	4.734549
66.000000	4.754044
67.000000	4.773399
68.000000	4.792630
69.000000	4.811624
70.000000	4.830616
71.000000	4.849368
72.000000	4.867958
73.000000	4.886456
74.000000	4.904785
75.000000	4.922992
76.000000	4.941090
77.000000	4.959042
78.000000	4.976866
79.000000	4.994546
80.000000	5.012133
81.000000	5.029557
82.000000	5.046900
83.000000	5.064106
84.000000	5.073696
85.000000	5.079537
86.000000	5.085358
87.000000	5.091112
88.000000	5.096849
89.000000	5.102567
90.000000	5.108222
91.000000	5.113874
92.000000	5.119450
93.000000	5.125027
94.000000	5.130571
95.000000	5.136060
96.000000	5.141537
97.000000	5.146944
98.000000	5.152350
99.000000	5.157730
100.000000	5.163063
101.000000	5.168385
102.000000	5.173651
103.000000	5.178899
104.000000	5.184141
105.000000	5.189308
106.000000	5.194498
107.000000	5.199630
108.000000	5.204748
109.000000	5.209838
110.000000	5.214884
111.000000	5.219942
112.000000	5.224948
113.000000	5.229922
114.000000	5.234887
115.000000	5.239834
116.000000	5.244731
117.000000	5.249622
118.000000	5.254480
119.000000	5.259341
120.000000	5.264152
121.000000	5.268938
122.000000	5.273714
123.000000	5.278450
124.000000	5.283179
125.000000	5.287906
126.000000	5.292583
127.000000	5.297248
128.000000	5.301876
129.000000	5.306491
130.000000	5.311107
131.000000	5.315692
132.000000	5.320270
133.000000	5.324792
134.000000	5.329327
135.000000	5.333826
136.000000	5.338309
137.000000	5.342778
138.000000	5.347226
139.000000	5.351660
140.000000	5.356081
141.000000	5.360469
142.000000	5.364835
143.000000	5.369196
144.000000	5.373549
145.000000	5.377870
146.000000	5.382167
147.000000	5.386456
148.000000	5.390731
149.000000	5.394969
150.000000	5.399224
151.000000	5.403445
152.000000	5.407643
153.000000	5.411823
154.000000	5.416004
155.000000	5.420159
156.000000	5.424303
157.000000	5.428419
158.000000	5.432542
159.000000	5.436624
160.000000	5.440701
161.000000	5.444773
162.000000	5.448823
163.000000	5.452859
164.000000	5.456888
165.000000	5.460892
166.000000	5.464888
167.000000	5.468863
168.000000	5.472834
169.000000	5.476787
170.000000	5.480725
171.000000	5.484648
172.000000	5.488543
173.000000	5.492442
174.000000	5.496339
175.000000	5.500201
176.000000	5.504056
177.000000	5.507908
178.000000	5.511748
179.000000	5.515564
180.000000	5.519364
181.000000	5.523161
182.000000	5.526926
183.000000	5.530697
184.000000	5.534460
185.000000	5.538193
186.000000	5.541924
187.000000	5.545662
188.000000	5.549347
189.000000	5.553070
190.000000	5.556751
191.000000	5.560417
192.000000	5.564096
193.000000	5.567740
194.000000	5.571377
195.000000	5.575008
196.000000	5.578615
197.000000	5.582251
198.000000	5.585835
199.000000	5.589429
200.000000	5.592981
201.000000	5.596555
202.000000	5.600106
203.000000	5.603641
204.000000	5.607171
205.000000	5.610700
206.000000	5.614204
207.000000	5.617711
208.000000	5.621185
209.000000	5.624667
210.000000	5.628152
211.000000	5.631598
212.000000	5.635054
213.000000	5.638489
214.000000	5.641926
215.000000	5.645338
216.000000	5.648748
217.000000	5.652138
218.000000	5.655525
219.000000	5.658915
220.000000	5.662280
221.000000	5.665649
222.000000	5.669011
223.000000	5.672352
224.000000	5.675710
225.000000	5.679007
226.000000	5.682317
227.000000	5.685631
228.000000	5.688941
229.000000	5.692221
230.000000	5.695511
231.000000	5.698795
232.000000	5.702042
233.000000	5.705315
234.000000	5.708541
235.000000	5.711813
236.000000	5.715013
237.000000	5.718221
238.000000	5.721458
239.000000	5.724648
240.000000	5.727843
241.000000	5.731037
242.000000	5.734188
243.000000	5.737375
244.000000	5.740526
245.000000	5.743674
246.000000	5.746834
247.000000	5.749974
248.000000	5.753120
249.000000	5.756239
250.000000	5.759345
251.000000	5.762463
252.000000	5.765543
253.000000	5.768643
254.000000	5.771735
255.000000	5.774807
256.000000	5.777872
257.000000	5.780929
258.000000	5.783999
259.000000	5.787050
260.000000	5.790084
261.000000	5.793120
262.000000	5.796139
263.000000	5.799148
264.000000	5.802170
265.000000	5.805168
266.000000	5.808174
267.000000	5.811163
268.000000	5.814133
269.000000	5.817108
270.000000	5.820068
271.000000	5.823027
272.000000	5.825989
273.000000	5.828937
274.000000	5.831905
275.000000	5.834828
276.000000	5.837764
277.000000	5.840693
278.000000	5.843591
279.000000	5.846514
280.000000	5.849411
281.000000	5.852301
282.000000	5.855185
283.000000	5.858059
284.000000	5.860931
285.000000	5.863811
286.000000	5.866669
287.000000	5.869543
288.000000	5.872376
289.000000	5.875217
290.000000	5.878044
291.000000	5.880858
292.000000	5.883702
293.000000	5.886502
294.000000	5.889318
295.000000	5.892136
296.000000	5.894929
297.000000	5.897763
298.000000	5.900519
299.000000	5.903298
300.000000	5.906066
301.000000	5.908818
302.000000	5.911606
303.000000	5.914357
304.000000	5.917107
305.000000	5.919856
306.000000	5.922608
307.000000	5.925342
308.000000	5.928191
