0.000000	0.000000
1.000000	0.000000
1.000000	0.000000
2.000000	0.000000
3.000000	0.000000
4.000000	0.000000
5.000000	0.000000
6.000000	0.000000
7.000000	0.000000
8.000000	0.000014
9.000000	0.000046
10.000000	0.003501
11.000000	0.008867
12.000000	0.014257
13.000000	0.019695
14.000000	0.025657
15.000000	0.029697
16.000000	0.034106
17.000000	0.038297
18.000000	0.042450
19.000000	0.047039
20.000000	0.051467
21.000000	0.055736
22.000000	0.060228
23.000000	0.064611
24.000000	0.068867
25.000000	0.073100
26.000000	0.077512
27.000000	0.081811
28.000000	0.086008
29.000000	0.090352
30.000000	0.095787
31.000000	0.101106
32.000000	0.106318
33.000000	0.111425
34.000000	0.117665
35.000000	0.124329
36.000000	0.130881
37.000000	0.137313
38.000000	0.143640
39.000000	0.149712
40.000000	0.155649
41.000000	0.161483
42.000000	0.167238
43.000000	0.172906
44.000000	0.179712
45.000000	0.187882
46.000000	0.193363
47.000000	0.196105
48.000000	0.198803
49.000000	0.201471
50.000000	0.204107
51.000000	0.206709
52.000000	0.209284
53.000000	0.211823
54.000000	0.214340
55.000000	0.216827
56.000000	0.219284
57.000000	0.221712
58.000000	0.226322
59.000000	0.231186
60.000000	0.236001
61.000000	0.240758
62.000000	0.245476
63.000000	0.250139
64.000000	0.254772
65.000000	0.259349
66.000000	0.263885
67.000000	0.268379
68.000000	0.272825
69.000000	0.277241
70.000000	0.281618
71.000000	0.285950
72.000000	0.290249
73.000000	0.294513
74.000000	0.298739
75.000000	0.302915
76.000000	0.307060
77.000000	0.311193
78.000000	0.315278
79.000000	0.319446
80.000000	0.323601
81.000000	0.327718
82.000000	0.331812
83.000000	0.335870
84.000000	0.339894
85.000000	0.343898
86.000000	0.347869
87.000000	0.351813
88.000000	0.355735
89.000000	0.359618
90.000000	0.363486
91.000000	0.367310
92.000000	0.371118
93.000000	0.374894
94.000000	0.378647
95.000000	0.382382
96.000000	0.386093
97.000000	0.389768
98.000000	0.393436
99.000000	0.397071
100.000000	0.400682
101.000000	0.404269
102.000000	0.407829
103.000000	0.411381
104.000000	0.415490
105.000000	0.420073
106.000000	0.424635
107.000000	0.429146
108.000000	0.433664
109.000000	0.438139
110.000000	0.442588
111.000000	0.447019
112.000000	0.451414
113.000000	0.455788
114.000000	0.460153
115.000000	0.464465
116.000000	0.468779
117.000000	0.473049
118.000000	0.477310
119.000000	0.481548
120.000000	0.485746
121.000000	0.489950
122.000000	0.494110
123.000000	0.498250
124.000000	0.502371
125.000000	0.506469
126.000000	0.510549
127.000000	0.514609
128.000000	0.518637
129.000000	0.522660
130.000000	0.526657
131.000000	0.530625
132.000000	0.534588
133.000000	0.538529
134.000000	0.542739
135.000000	0.547096
136.000000	0.551434
137.000000	0.555751
138.000000	0.560046
139.000000	0.564325
140.000000	0.568577
141.000000	0.572822
142.000000	0.577041
143.000000	0.581218
144.000000	0.585406
145.000000	0.589558
146.000000	0.593697
147.000000	0.597827
148.000000	0.601926
149.000000	0.606020
150.000000	0.610088
151.000000	0.614124
152.000000	0.618164
153.000000	0.622172
154.000000	0.626158
155.000000	0.630144
156.000000	0.634094
157.000000	0.638052
158.000000	0.641980
159.000000	0.645873
160.000000	0.649773
161.000000	0.653640
162.000000	0.657516
163.000000	0.661353
164.000000	0.665177
165.000000	0.668995
166.000000	0.672793
167.000000	0.676568
168.000000	0.680342
169.000000	0.684353
170.000000	0.688532
171.000000	0.692692
172.000000	0.696844
173.000000	0.700979
174.000000	0.705079
175.000000	0.709188
176.000000	0.713279
177.000000	0.717353
178.000000	0.721414
179.000000	0.725454
180.000000	0.729483
181.000000	0.733491
182.000000	0.737475
183.000000	0.741447
184.000000	0.745413
185.000000	0.749346
186.000000	0.753298
187.000000	0.757212
188.000000	0.761116
189.000000	0.765008
190.000000	0.768876
191.000000	0.772747
192.000000	0.776586
193.000000	0.780410
194.000000	0.784231
195.000000	0.788026
196.000000	0.791813
197.000000	0.795581
198.000000	0.799346
199.000000	0.803107
200.000000	0.806842
201.000000	0.810574
202.000000	0.814286
203.000000	0.817977
204.000000	0.821668
205.000000	0.825340
206.000000	0.829005
207.000000	0.832649
208.000000	0.836276
209.000000	0.839918
210.000000	0.844470
211.000000	0.849430
212.000000	0.854373
213.000000	0.859291
214.000000	0.864196
215.000000	0.869079
216.000000	0.873952
217.000000	0.878816
218.000000	0.883643
219.000000	0.888489
220.000000	0.893298
221.000000	0.898083
222.000000	0.902870
223.000000	0.907632
224.000000	0.912379
225.000000	0.917105
226.000000	0.921831
227.000000	0.926541
228.000000	0.931227
229.000000	0.935898
230.000000	0.940571
231.000000	0.945200
232.000000	0.949821
233.000000	0.954425
234.000000	0.959039
235.000000	0.963634
236.000000	0.968177
237.000000	0.972751
238.000000	0.977300
239.000000	0.981816
240.000000	0.986357
241.000000	0.990837
242.000000	0.995345
243.000000	0.999827
244.000000	1.004275
245.000000	1.008728
246.000000	1.013163
247.000000	1.017577
248.000000	1.021992
249.000000	1.026389
250.000000	1.030804
251.000000	1.035141
252.000000	1.039501
253.000000	1.043855
254.000000	1.048165
255.000000	1.052494
256.000000	1.056807
257.000000	1.061335
258.000000	1.066626
259.000000	1.071864
260.000000	1.077124
261.000000	1.082342
262.000000	1.087552
263.000000	1.092754
264.000000	1.097913
265.000000	1.103079
266.000000	1.108316
267.000000	1.113455
268.000000	1.118591
269.000000	1.123684
270.000000	1.128796
271.000000	1.133883
272.000000	1.138962
273.000000	1.144000
274.000000	1.149039
275.000000	1.154058
276.000000	1.159073
277.000000	1.164087
278.000000	1.169063
279.000000	1.174038
280.000000	1.178988
281.000000	1.183927
282.000000	1.188860
283.000000	1.193788
284.000000	1.198422
285.000000	1.202879
286.000000	1.207560
287.000000	1.212271
288.000000	1.217016
289.000000	1.221757
290.000000	1.226471
291.000000	1.231214
292.000000	1.235937
293.000000	1.240667
294.000000	1.245397
295.000000	1.250079
296.000000	1.254752
297.000000	1.259418
298.000000	1.264082
299.000000	1.268748
300.000000	1.273396
301.000000	1.278050
302.000000	1.282725
303.000000	1.287327
304.000000	1.291946
305.000000	1.296565
306.000000	1.309644
307.000000	1.380186
