0.000000	0.000000
1.000000	0.000000
2.000000	0.000000
3.000000	0.000000
4.000000	0.000000
5.000000	0.000000
6.000000	0.000000
7.000000	0.000000
8.000000	0.000000
9.000000	0.000000
10.000000	0.000000
11.000000	0.000000
12.000000	0.000000
13.000000	0.000000
14.000000	0.000000
15.000000	0.000000
16.000000	0.000000
17.000000	0.000000
18.000000	0.000015
19.000000	0.000024
20.000000	0.000032
21.000000	0.000107
22.000000	0.000249
23.000000	0.000497
24.000000	0.000739
25.000000	0.000973
26.000000	0.001208
27.000000	0.001447
28.000000	0.001699
29.000000	0.001950
30.000000	0.002199
31.000000	0.002448
32.000000	0.002693
33.000000	0.002938
34.000000	0.003187
35.000000	0.003434
36.000000	0.003680
37.000000	0.003926
38.000000	0.004168
39.000000	0.004412
40.000000	0.004661
41.000000	0.004938
42.000000	0.005216
43.000000	0.005491
44.000000	0.005765
45.000000	0.006038
46.000000	0.006311
47.000000	0.006624
48.000000	0.006860
49.000000	0.007096
50.000000	0.007330
51.000000	0.007566
52.000000	0.007798
53.000000	0.008030
54.000000	0.008262
55.000000	0.008493
56.000000	0.008721
57.000000	0.008950
58.000000	0.009179
59.000000	0.009404
60.000000	0.009630
61.000000	0.009854
62.000000	0.010077
63.000000	0.010323
64.000000	0.010595
65.000000	0.010864
66.000000	0.011134
67.000000	0.011399
68.000000	0.011666
69.000000	0.011932
70.000000	0.012194
71.000000	0.012458
72.000000	0.012720
73.000000	0.012981
74.000000	0.013241
75.000000	0.013502
76.000000	0.013760
77.000000	0.014017
78.000000	0.014274
79.000000	0.014530
80.000000	0.014784
81.000000	0.015031
82.000000	0.015278
83.000000	0.015524
84.000000	0.015772
85.000000	0.016015
86.000000	0.016259
87.000000	0.016502
88.000000	0.016745
89.000000	0.016986
90.000000	0.017226
91.000000	0.017467
92.000000	0.017706
93.000000	0.017945
94.000000	0.018181
95.000000	0.018417
96.000000	0.018656
97.000000	0.018891
98.000000	0.019163
99.000000	0.019714
100.000000	0.020264
