0.000000	1.991838
1.000000	1.992026
2.000000	1.991922
3.000000	1.991812
4.000000	1.991813
5.000000	1.991999
6.000000	1.991744
7.000000	1.991922
8.000000	1.991962
9.000000	1.991768
10.000000	1.991935
11.000000	1.991860
12.000000	1.991925
13.000000	1.991930
14.000000	1.991796
15.000000	1.993275
16.000000	1.997406
17.000000	1.999264
18.000000	2.001168
19.000000	2.003065
20.000000	2.005011
21.000000	2.021936
22.000000	2.052249
23.000000	2.084122
24.000000	2.116019
25.000000	2.147682
26.000000	2.179435
27.000000	2.210835
28.000000	2.242135
29.000000	2.273289
30.000000	2.304204
31.000000	2.335109
32.000000	2.365610
33.000000	2.396031
34.000000	2.426466
35.000000	2.456602
36.000000	2.486545
37.000000	2.516583
38.000000	2.546127
39.000000	2.575821
40.000000	2.605368
41.000000	2.634506
42.000000	2.663762
43.000000	2.692784
44.000000	2.721604
45.000000	2.750271
46.000000	2.779022
47.000000	2.806191
48.000000	2.818956
49.000000	2.831759
50.000000	2.844443
51.000000	2.857230
52.000000	2.869807
53.000000	2.882377
54.000000	2.894959
55.000000	2.907477
56.000000	2.919843
57.000000	2.932250
58.000000	2.944648
59.000000	2.956875
60.000000	2.969097
61.000000	2.981239
62.000000	2.993342
63.000000	3.005469
64.000000	3.017536
65.000000	3.029526
66.000000	3.041496
67.000000	3.053280
68.000000	3.065168
69.000000	3.076994
70.000000	3.088642
71.000000	3.100348
72.000000	3.112017
73.000000	3.123598
74.000000	3.135170
75.000000	3.146748
76.000000	3.158224
77.000000	3.169649
78.000000	3.181058
79.000000	3.192435
80.000000	3.203801
81.000000	3.215044
82.000000	3.226274
83.000000	3.237463
84.000000	3.248710
85.000000	3.259777
86.000000	3.270869
87.000000	3.281889
88.000000	3.292973
89.000000	3.303895
90.000000	3.314840
91.000000	3.325772
92.000000	3.336652
93.000000	3.347484
94.000000	3.358231
95.000000	3.368976
96.000000	3.379798
97.000000	3.390500
98.000000	3.401206
99.000000	3.411801
100.000000	3.422382
