0.000000	0.000000
1.000000	0.000000
2.000000	0.000000
3.000000	0.000000
4.000000	0.000000
5.000000	0.000000
6.000000	0.000000
7.000000	0.000013
8.000000	0.000021
9.000000	0.000514
10.000000	0.002770
11.000000	0.005346
12.000000	0.007978
13.000000	0.010306
14.000000	0.012999
15.000000	0.015561
16.000000	0.017993
17.000000	0.022033
18.000000	0.024336
19.000000	0.026336
20.000000	0.028283
21.000000	0.030284
22.000000	0.032434
23.000000	0.034531
24.000000	0.036573
25.000000	0.038575
26.000000	0.040533
27.000000	0.042620
28.000000	0.044876
29.000000	0.047091
30.000000	0.049261
31.000000	0.051394
32.000000	0.053489
33.000000	0.055551
34.000000	0.057726
35.000000	0.059918
36.000000	0.062073
37.000000	0.064199
38.000000	0.066292
39.000000	0.068361
40.000000	0.070400
41.000000	0.072451
42.000000	0.074624
43.000000	0.076768
44.000000	0.078884
45.000000	0.080980
46.000000	0.083051
47.000000	0.085094
48.000000	0.087111
49.000000	0.089112
50.000000	0.091684
51.000000	0.094350
52.000000	0.096969
53.000000	0.099564
54.000000	0.102131
55.000000	0.104678
56.000000	0.107194
57.000000	0.109696
58.000000	0.112172
59.000000	0.115199
60.000000	0.118492
61.000000	0.121753
62.000000	0.124985
63.000000	0.128196
64.000000	0.131373
65.000000	0.134528
66.000000	0.137647
67.000000	0.140744
68.000000	0.143821
69.000000	0.146802
70.000000	0.149745
71.000000	0.152652
72.000000	0.155534
73.000000	0.158401
74.000000	0.161242
75.000000	0.164064
76.000000	0.166869
77.000000	0.169652
78.000000	0.172414
79.000000	0.175155
80.000000	0.178791
81.000000	0.182798
82.000000	0.186787
83.000000	0.190744
84.000000	0.192950
85.000000	0.194294
86.000000	0.195632
87.000000	0.196956
88.000000	0.198275
89.000000	0.199590
90.000000	0.200891
91.000000	0.202191
92.000000	0.203474
93.000000	0.204756
94.000000	0.206031
95.000000	0.207294
96.000000	0.208553
97.000000	0.209797
98.000000	0.211040
99.000000	0.212278
100.000000	0.213505
101.000000	0.214729
102.000000	0.215940
103.000000	0.217147
104.000000	0.218352
105.000000	0.219541
106.000000	0.220734
107.000000	0.221915
108.000000	0.224232
109.000000	0.226624
110.000000	0.228995
111.000000	0.231373
112.000000	0.233725
113.000000	0.236064
114.000000	0.238397
115.000000	0.240722
116.000000	0.243023
117.000000	0.245322
118.000000	0.247606
119.000000	0.249890
120.000000	0.252151
121.000000	0.254401
122.000000	0.256645
123.000000	0.258871
124.000000	0.261094
125.000000	0.263316
126.000000	0.265514
127.000000	0.267707
128.000000	0.269882
129.000000	0.272051
130.000000	0.274220
131.000000	0.276375
132.000000	0.278527
133.000000	0.280652
134.000000	0.282784
135.000000	0.284898
136.000000	0.287005
137.000000	0.289106
138.000000	0.291196
139.000000	0.293280
140.000000	0.295358
141.000000	0.297420
142.000000	0.299472
143.000000	0.301522
144.000000	0.303568
145.000000	0.305599
146.000000	0.307619
147.000000	0.309635
148.000000	0.311644
149.000000	0.313636
150.000000	0.315635
151.000000	0.317671
152.000000	0.319707
153.000000	0.321734
154.000000	0.323762
155.000000	0.325777
156.000000	0.327787
157.000000	0.329783
158.000000	0.331783
159.000000	0.333763
160.000000	0.335740
161.000000	0.337715
162.000000	0.339679
163.000000	0.341637
164.000000	0.343591
165.000000	0.345532
166.000000	0.347471
167.000000	0.349398
168.000000	0.351325
169.000000	0.353242
170.000000	0.355152
171.000000	0.357054
172.000000	0.358943
173.000000	0.360834
174.000000	0.362725
175.000000	0.364598
176.000000	0.366467
177.000000	0.368335
178.000000	0.370198
179.000000	0.372049
180.000000	0.373892
181.000000	0.375733
182.000000	0.377559
183.000000	0.379388
184.000000	0.381213
185.000000	0.383024
186.000000	0.384833
187.000000	0.386646
188.000000	0.388433
189.000000	0.390239
190.000000	0.392024
191.000000	0.393802
192.000000	0.395587
193.000000	0.397354
194.000000	0.399118
195.000000	0.400879
196.000000	0.402628
197.000000	0.404392
198.000000	0.406130
199.000000	0.407873
200.000000	0.409596
201.000000	0.411329
202.000000	0.413068
203.000000	0.415312
204.000000	0.417554
205.000000	0.419794
206.000000	0.422019
207.000000	0.424246
208.000000	0.426453
209.000000	0.428663
210.000000	0.430876
211.000000	0.433065
212.000000	0.435259
213.000000	0.437441
214.000000	0.439623
215.000000	0.441790
216.000000	0.443955
217.000000	0.446108
218.000000	0.448259
219.000000	0.450411
220.000000	0.452548
221.000000	0.454687
222.000000	0.456822
223.000000	0.458943
224.000000	0.461076
225.000000	0.463169
226.000000	0.465271
227.000000	0.467376
228.000000	0.469477
229.000000	0.471560
230.000000	0.473649
231.000000	0.475735
232.000000	0.477797
233.000000	0.479875
234.000000	0.481924
235.000000	0.484002
236.000000	0.486033
237.000000	0.488070
238.000000	0.490126
239.000000	0.492151
240.000000	0.494180
241.000000	0.496208
242.000000	0.498209
243.000000	0.500233
244.000000	0.502234
245.000000	0.504233
246.000000	0.506240
247.000000	0.508234
248.000000	0.510231
249.000000	0.512212
250.000000	0.514184
251.000000	0.516164
252.000000	0.518120
253.000000	0.520088
254.000000	0.522052
255.000000	0.524003
256.000000	0.525949
257.000000	0.527890
258.000000	0.529840
259.000000	0.531777
260.000000	0.533703
261.000000	0.535631
262.000000	0.537548
263.000000	0.539459
264.000000	0.541541
265.000000	0.543670
266.000000	0.545804
267.000000	0.547926
268.000000	0.550034
269.000000	0.552147
270.000000	0.554248
271.000000	0.556349
272.000000	0.558452
273.000000	0.560545
274.000000	0.562653
275.000000	0.564728
276.000000	0.566812
277.000000	0.568892
278.000000	0.570949
279.000000	0.573025
280.000000	0.575081
281.000000	0.577133
282.000000	0.579182
283.000000	0.581222
284.000000	0.583261
285.000000	0.585306
286.000000	0.587335
287.000000	0.589376
288.000000	0.591387
289.000000	0.593404
290.000000	0.595411
291.000000	0.597409
292.000000	0.599428
293.000000	0.601416
294.000000	0.603416
295.000000	0.605416
296.000000	0.607400
297.000000	0.609412
298.000000	0.611368
299.000000	0.613342
300.000000	0.615307
301.000000	0.617261
302.000000	0.619240
303.000000	0.621194
304.000000	0.623146
305.000000	0.625098
306.000000	0.627052
307.000000	0.628993
308.000000	0.631016
