0.000000	2.295620
1.000000	2.294938
2.000000	2.294577
3.000000	2.294320
4.000000	2.293709
5.000000	2.293292
6.000000	2.292825
7.000000	2.292639
8.000000	2.291970
9.000000	2.291593
10.000000	2.291475
11.000000	2.290821
12.000000	2.290399
13.000000	2.289987
14.000000	2.289549
15.000000	2.289504
16.000000	2.288748
17.000000	2.288557
18.000000	2.287828
19.000000	2.287561
20.000000	2.287182
21.000000	2.286734
22.000000	2.286242
23.000000	2.286111
24.000000	2.285472
25.000000	2.285050
26.000000	2.284741
27.000000	2.284193
28.000000	2.283856
29.000000	2.283761
30.000000	2.283173
31.000000	2.282582
32.000000	2.282326
33.000000	2.281873
34.000000	2.281431
35.000000	2.281466
36.000000	2.280699
37.000000	2.280536
38.000000	2.280327
39.000000	2.280166
40.000000	2.280244
41.000000	2.280493
42.000000	2.280478
43.000000	2.280435
44.000000	2.280192
45.000000	2.279975
46.000000	2.279930
47.000000	2.279538
48.000000	2.279337
49.000000	2.278930
50.000000	2.278550
51.000000	2.278027
52.000000	2.277545
53.000000	2.277213
54.000000	2.277062
55.000000	2.276328
56.000000	2.275913
57.000000	2.275622
58.000000	2.275190
59.000000	2.274878
60.000000	2.274383
61.000000	2.274001
62.000000	2.273664
63.000000	2.273212
64.000000	2.272920
65.000000	2.272508
66.000000	2.272018
67.000000	2.271801
68.000000	2.271510
69.000000	2.270891
70.000000	2.270409
71.000000	2.270012
72.000000	2.269733
73.000000	2.269220
74.000000	2.268848
75.000000	2.268486
76.000000	2.268049
77.000000	2.267546
78.000000	2.267352
79.000000	2.266865
80.000000	2.266603
81.000000	2.266166
82.000000	2.265704
83.000000	2.265565
84.000000	2.265123
85.000000	2.264384
86.000000	2.264148
87.000000	2.263771
88.000000	2.263655
89.000000	2.263027
90.000000	2.262700
91.000000	2.262386
92.000000	2.261843
93.000000	2.261396
94.000000	2.261295
95.000000	2.260707
96.000000	2.260287
97.000000	2.259944
98.000000	2.259768
99.000000	2.259392
100.000000	2.259252
101.000000	2.259016
102.000000	2.258550
103.000000	2.258574
104.000000	2.257898
105.000000	2.257650
106.000000	2.257442
107.000000	2.257098
108.000000	2.257052
109.000000	2.256499
110.000000	2.256323
111.000000	2.255949
112.000000	2.255801
113.000000	2.255497
114.000000	2.255229
115.000000	2.254761
116.000000	2.254441
117.000000	2.254413
118.000000	2.254039
119.000000	2.253575
120.000000	2.253379
121.000000	2.253082
122.000000	2.252902
123.000000	2.252542
124.000000	2.252068
125.000000	2.251820
126.000000	2.251488
127.000000	2.251128
128.000000	2.250992
129.000000	2.250892
130.000000	2.250198
131.000000	2.249898
132.000000	2.249630
133.000000	2.249357
134.000000	2.249289
135.000000	2.248793
136.000000	2.248899
137.000000	2.248353
138.000000	2.248143
139.000000	2.247775
140.000000	2.247427
141.000000	2.247265
142.000000	2.246943
143.000000	2.246701
144.000000	2.246545
145.000000	2.246393
146.000000	2.245948
147.000000	2.246033
148.000000	2.245572
149.000000	2.245272
150.000000	2.245412
151.000000	2.245002
152.000000	2.244538
153.000000	2.244442
154.000000	2.244218
155.000000	2.243810
156.000000	2.243488
157.000000	2.243392
158.000000	2.242788
159.000000	2.242540
160.000000	2.242235
161.000000	2.241977
162.000000	2.241773
163.000000	2.241491
164.000000	2.241301
165.000000	2.241141
166.000000	2.240561
167.000000	2.240365
168.000000	2.240061
169.000000	0.266813
170.000000	0.847187
171.000000	2.239135
172.000000	2.238946
173.000000	2.238614
174.000000	2.238304
175.000000	2.238042
176.000000	2.237696
177.000000	2.237516
178.000000	2.237184
179.000000	2.236900
180.000000	2.236662
181.000000	2.236550
182.000000	2.236134
183.000000	2.235858
184.000000	2.235862
185.000000	2.235438
186.000000	2.235217
187.000000	2.234883
188.000000	2.234733
189.000000	2.234631
190.000000	2.234489
191.000000	2.234287
192.000000	2.233875
193.000000	2.233795
194.000000	2.233539
195.000000	2.233235
196.000000	2.233069
197.000000	2.232751
198.000000	2.232501
199.000000	2.232169
200.000000	2.231845
201.000000	2.231776
202.000000	2.231396
203.000000	2.231108
204.000000	2.230750
205.000000	2.230446
206.000000	2.230206
207.000000	2.229962
208.000000	2.229738
209.000000	2.229324
210.000000	2.229218
211.000000	2.228804
212.000000	2.228528
213.000000	2.228272
214.000000	2.228051
215.000000	2.227871
216.000000	2.227705
217.000000	2.227499
218.000000	2.227217
219.000000	2.227273
220.000000	2.227245
221.000000	2.226945
222.000000	2.226697
223.000000	2.226429
224.000000	2.226273
225.000000	2.225779
226.000000	2.225483
227.000000	2.225235
228.000000	2.225027
229.000000	2.224907
230.000000	2.224370
231.000000	2.224228
232.000000	2.223948
233.000000	2.224110
234.000000	2.224815
235.000000	2.225255
236.000000	2.225367
237.000000	2.225583
238.000000	2.225939
239.000000	2.226153
240.000000	2.229874
241.000000	2.242495
242.000000	2.256135
243.000000	2.268034
244.000000	2.277665
245.000000	2.285794
246.000000	2.292297
247.000000	2.298231
248.000000	2.303560
249.000000	2.308436
250.000000	2.313031
251.000000	2.317032
252.000000	2.320983
253.000000	2.324608
254.000000	2.328104
255.000000	2.331538
256.000000	2.334778
257.000000	2.337804
258.000000	2.340571
259.000000	2.343309
260.000000	2.345960
261.000000	2.348394
262.000000	2.350676
263.000000	2.352908
264.000000	2.354406
265.000000	2.356359
266.000000	2.357784
267.000000	2.358935
268.000000	2.360280
269.000000	2.361205
270.000000	2.362484
271.000000	2.363415
272.000000	2.363600
273.000000	2.364061
274.000000	2.364372
275.000000	2.364679
276.000000	2.364930
277.000000	2.364845
278.000000	2.364885
279.000000	2.364659
280.000000	2.364402
281.000000	2.363985
282.000000	2.363721
283.000000	2.363143
284.000000	2.362419
285.000000	2.361937
286.000000	2.361205
287.000000	2.360622
288.000000	2.360245
289.000000	2.358840
290.000000	2.358101
291.000000	2.357003
292.000000	2.355942
293.000000	2.355027
294.000000	2.354054
295.000000	2.352978
296.000000	2.351915
297.000000	2.350470
298.000000	2.349238
299.000000	2.348487
300.000000	2.346848
301.000000	2.345453
302.000000	2.344302
303.000000	2.342977
304.000000	2.341926
305.000000	2.340486
306.000000	2.338915
307.000000	2.337548
308.000000	2.336092
309.000000	2.334687
310.000000	2.333390
311.000000	2.332086
312.000000	2.330651
313.000000	2.329193
314.000000	2.327843
315.000000	2.326420
316.000000	2.325035
317.000000	2.323535
318.000000	2.322120
319.000000	2.320687
320.000000	2.319206
321.000000	2.318153
322.000000	2.316328
323.000000	2.314923
324.000000	2.313473
325.000000	2.312171
326.000000	2.310580
327.000000	2.309250
328.000000	2.307783
329.000000	2.306488
330.000000	2.305236
331.000000	2.303484
332.000000	2.302489
333.000000	2.300662
334.000000	2.299659
335.000000	2.297874
336.000000	2.296454
337.000000	2.295074
338.000000	2.293382
339.000000	2.292076
340.000000	2.290857
341.000000	2.289195
342.000000	2.287973
343.000000	2.286599
344.000000	2.285100
345.000000	2.283705
346.000000	2.282446
347.000000	2.280966
348.000000	2.279533
349.000000	2.278218
350.000000	2.276705
351.000000	2.275431
352.000000	2.274071
353.000000	2.272809
354.000000	2.271656
355.000000	2.269982
356.000000	2.268733
357.000000	2.267433
358.000000	2.266030
359.000000	2.264771
360.000000	2.263550
361.000000	2.262356
362.000000	2.260840
363.000000	2.259896
364.000000	2.258642
365.000000	2.257666
366.000000	2.256772
367.000000	2.255681
368.000000	2.254725
369.000000	2.253785
370.000000	2.252842
371.000000	2.251748
372.000000	2.250772
373.000000	2.249841
374.000000	2.249077
375.000000	2.248071
376.000000	2.247031
377.000000	2.246125
378.000000	2.245312
379.000000	2.244314
380.000000	2.243360
381.000000	2.242568
382.000000	2.241665
383.000000	2.240689
384.000000	2.239875
385.000000	2.239215
386.000000	2.238102
387.000000	2.237244
388.000000	2.236208
389.000000	2.235470
390.000000	2.234639
391.000000	2.233851
392.000000	2.233323
393.000000	2.232213
394.000000	2.231422
395.000000	2.230518
396.000000	2.229636
397.000000	2.228808
398.000000	2.228195
399.000000	2.227137
400.000000	2.226349
401.000000	2.225515
402.000000	2.224855
403.000000	2.224000
404.000000	2.223432
405.000000	2.222438
406.000000	2.221830
407.000000	2.221174
408.000000	2.220123
409.000000	2.219319
410.000000	2.218745
411.000000	2.217653
412.000000	2.216826
413.000000	2.216206
414.000000	2.215454
415.000000	2.214756
416.000000	2.213920
417.000000	2.213365
418.000000	2.212853
419.000000	2.211831
420.000000	2.211215
421.000000	2.210355
422.000000	2.209712
423.000000	2.208964
424.000000	2.208210
425.000000	2.207630
426.000000	2.206868
427.000000	2.206183
428.000000	2.205623
429.000000	2.204969
430.000000	2.204109
431.000000	2.203781
432.000000	2.202767
433.000000	2.202138
434.000000	2.201456
435.000000	2.200796
436.000000	2.200260
437.000000	2.199726
438.000000	2.198929
439.000000	2.198303
440.000000	2.197695
441.000000	2.197035
442.000000	2.196611
443.000000	2.195997
444.000000	2.195420
445.000000	2.194668
446.000000	2.194038
447.000000	2.193390
448.000000	2.192872
449.000000	2.192487
450.000000	2.191839
451.000000	2.191229
452.000000	2.190577
453.000000	2.189977
454.000000	2.189453
455.000000	2.188843
456.000000	2.188270
457.000000	2.187752
458.000000	2.187212
459.000000	2.186672
460.000000	2.186080
461.000000	2.185654
462.000000	2.185225
463.000000	2.184455
464.000000	2.183823
465.000000	2.183455
466.000000	2.182879
467.000000	2.182205
468.000000	2.181649
469.000000	2.181144
470.000000	2.180538
471.000000	2.179958
472.000000	2.179578
473.000000	2.179054
474.000000	2.178508
475.000000	2.177892
476.000000	2.177501
477.000000	2.176957
478.000000	2.176433
479.000000	2.175953
480.000000	2.175585
481.000000	2.174855
482.000000	2.174362
483.000000	2.173868
484.000000	2.173680
485.000000	2.172872
486.000000	2.172620
487.000000	2.172054
488.000000	2.171526
489.000000	2.170934
490.000000	2.170407
491.000000	2.169871
492.000000	2.169335
493.000000	2.168909
494.000000	2.168597
495.000000	2.167941
496.000000	2.167621
497.000000	2.167301
498.000000	2.166498
499.000000	2.165954
500.000000	2.165508
501.000000	2.164964
502.000000	2.164504
503.000000	2.164028
504.000000	2.163581
505.000000	2.163037
506.000000	2.162725
507.000000	2.162013
508.000000	2.161663
509.000000	2.161075
510.000000	2.160659
511.000000	2.160207
512.000000	2.151566
513.000000	2.137460
514.000000	2.126751
515.000000	2.117812
516.000000	2.109528
517.000000	2.101381
518.000000	2.094235
519.000000	2.087742
520.000000	2.082086
521.000000	2.076819
522.000000	2.072043
523.000000	2.067644
524.000000	2.063691
525.000000	2.060034
526.000000	2.056725
527.000000	2.053642
528.000000	2.051065
529.000000	2.048685
530.000000	2.046718
531.000000	2.044720
532.000000	2.043173
533.000000	2.041861
534.000000	2.040770
535.000000	2.039792
536.000000	2.039088
537.000000	2.038616
538.000000	2.038300
539.000000	2.038034
540.000000	2.037886
541.000000	2.037890
542.000000	2.038140
543.000000	2.038330
544.000000	2.038680
545.000000	2.039036
546.000000	2.039628
547.000000	2.040450
548.000000	2.040730
549.000000	2.041483
550.000000	2.042045
551.000000	2.042753
552.000000	2.043493
553.000000	2.044279
554.000000	2.045096
555.000000	2.045942
556.000000	2.046698
557.000000	2.047608
558.000000	2.048425
559.000000	2.049339
560.000000	2.050259
561.000000	2.051061
562.000000	2.052034
563.000000	2.052884
564.000000	2.053680
565.000000	2.054698
566.000000	2.055677
567.000000	2.056437
568.000000	2.057225
569.000000	2.058247
570.000000	2.059024
571.000000	2.059854
572.000000	2.060816
573.000000	2.061988
574.000000	2.062681
575.000000	2.063267
576.000000	2.064047
577.000000	2.064889
578.000000	2.065753
579.000000	2.066420
580.000000	2.067404
581.000000	2.068146
582.000000	2.068886
583.000000	2.069583
584.000000	2.070269
585.000000	2.071209
586.000000	2.071795
587.000000	2.072555
588.000000	2.073198
589.000000	2.073754
590.000000	2.074526
591.000000	2.075108
592.000000	2.075748
593.000000	2.076356
594.000000	2.077231
595.000000	2.077923
596.000000	2.078175
597.000000	2.078669
598.000000	2.079237
599.000000	2.079729
600.000000	2.080280
601.000000	2.080944
602.000000	2.081464
603.000000	2.081874
604.000000	2.082350
605.000000	2.082850
606.000000	2.083270
607.000000	2.083675
608.000000	2.084153
609.000000	2.084521
610.000000	2.084997
611.000000	2.085315
612.000000	2.085619
613.000000	2.086135
614.000000	2.086407
615.000000	2.086827
616.000000	2.087265
617.000000	2.087598
618.000000	2.087802
619.000000	2.088118
620.000000	2.088432
621.000000	2.088950
622.000000	2.089010
623.000000	2.089316
624.000000	2.089584
625.000000	2.089904
626.000000	2.090148
627.000000	2.090388
628.000000	2.090754
629.000000	2.090970
630.000000	2.091439
631.000000	2.091543
632.000000	2.091893
633.000000	2.091967
634.000000	2.092497
635.000000	2.092729
636.000000	2.092733
637.000000	2.092953
638.000000	2.092925
639.000000	2.093461
640.000000	2.093465
641.000000	2.093593
642.000000	2.093715
643.000000	2.094049
644.000000	2.093959
645.000000	2.094179
646.000000	2.094467
647.000000	2.094535
648.000000	2.094591
649.000000	2.094699
650.000000	2.095140
651.000000	2.094972
652.000000	2.095200
653.000000	2.095144
654.000000	2.095168
655.000000	2.095232
656.000000	2.095414
657.000000	2.095446
658.000000	2.095544
659.000000	2.095454
660.000000	2.095752
661.000000	2.095636
662.000000	2.095712
663.000000	2.095854
664.000000	2.095904
665.000000	2.095890
666.000000	2.095994
667.000000	2.095910
668.000000	2.095998
669.000000	2.096006
670.000000	2.096038
671.000000	2.096214
672.000000	2.095978
673.000000	2.096054
674.000000	2.096070
675.000000	2.096042
676.000000	2.096270
677.000000	2.095870
678.000000	2.095916
679.000000	2.096054
680.000000	2.095886
681.000000	2.095902
682.000000	2.095664
683.000000	2.095876
684.000000	2.095730
685.000000	2.095656
686.000000	2.095748
687.000000	2.095582
688.000000	2.095538
689.000000	2.095370
690.000000	2.095364
691.000000	2.095452
692.000000	2.095264
693.000000	2.095418
694.000000	2.095236
695.000000	2.095088
696.000000	2.095072
697.000000	2.095012
698.000000	2.094856
699.000000	2.094908
700.000000	2.094704
701.000000	2.094648
702.000000	2.094636
703.000000	2.094508
704.000000	2.094371
705.000000	2.094451
706.000000	2.094209
707.000000	2.094189
708.000000	2.094023
709.000000	2.094085
710.000000	2.094203
711.000000	2.093923
712.000000	2.093999
713.000000	2.093559
714.000000	2.093549
715.000000	2.093333
716.000000	2.093173
717.000000	2.093209
718.000000	2.093245
719.000000	2.093245
720.000000	2.093009
721.000000	2.093113
722.000000	2.092813
723.000000	2.092649
724.000000	2.092547
725.000000	2.092549
726.000000	2.092417
727.000000	2.092341
728.000000	2.092241
729.000000	2.092085
730.000000	2.091973
731.000000	2.091893
732.000000	2.091759
733.000000	2.091711
734.000000	2.091531
735.000000	2.091399
736.000000	2.091431
737.000000	2.091283
738.000000	2.091059
739.000000	2.090999
740.000000	2.090818
741.000000	2.090735
742.000000	2.090878
743.000000	2.090390
744.000000	2.090458
745.000000	2.090300
746.000000	2.090004
747.000000	2.089972
748.000000	2.089904
749.000000	2.089676
750.000000	2.089660
751.000000	2.089820
752.000000	2.089324
753.000000	2.089528
754.000000	2.089092
755.000000	2.088996
756.000000	2.089052
757.000000	2.088792
758.000000	2.088606
759.000000	2.088296
760.000000	2.088260
761.000000	2.088166
762.000000	2.088002
763.000000	2.087818
764.000000	2.087662
765.000000	2.087838
766.000000	2.087377
767.000000	2.087382
768.000000	2.087105
769.000000	2.086943
770.000000	2.087071
771.000000	2.086625
772.000000	2.086655
773.000000	2.086311
774.000000	2.086227
775.000000	2.086099
776.000000	2.085979
777.000000	2.085867
778.000000	2.085635
779.000000	2.085543
780.000000	2.085551
781.000000	2.085531
782.000000	2.085015
783.000000	2.084835
784.000000	2.084697
785.000000	2.084533
786.000000	2.084389
787.000000	2.084273
788.000000	2.084141
789.000000	2.083829
790.000000	2.083693
791.000000	2.083462
792.000000	2.083382
793.000000	2.083576
794.000000	2.083236
795.000000	2.083262
796.000000	2.083318
797.000000	2.082858
798.000000	2.082870
799.000000	2.082550
800.000000	2.082438
801.000000	2.082282
802.000000	2.082054
803.000000	2.082042
804.000000	2.081898
805.000000	2.081698
806.000000	2.081490
807.000000	2.081386
808.000000	2.081334
809.000000	2.081352
810.000000	2.080912
811.000000	2.080824
812.000000	2.080784
813.000000	2.080616
814.000000	2.080463
815.000000	2.080182
816.000000	2.080073
817.000000	2.079797
818.000000	2.079617
819.000000	2.079449
820.000000	2.079273
821.000000	2.079453
822.000000	2.078973
823.000000	2.078897
824.000000	2.078673
825.000000	2.078541
826.000000	2.078355
827.000000	2.078357
828.000000	2.078117
829.000000	2.077947
830.000000	2.077839
831.000000	2.077651
832.000000	2.077475
833.000000	2.077295
834.000000	2.077471
835.000000	2.076983
836.000000	2.076795
837.000000	2.076743
838.000000	2.076939
839.000000	2.076550
840.000000	2.076839
841.000000	2.076604
842.000000	2.076663
843.000000	2.076663
844.000000	2.076703
845.000000	2.076935
846.000000	2.076618
847.000000	2.076661
848.000000	2.076827
849.000000	2.076396
