0.000000	5.906947
1.000000	5.900858
2.000000	5.894915
3.000000	5.889161
4.000000	5.883582
5.000000	5.878111
6.000000	5.872699
7.000000	5.867727
8.000000	5.862690
9.000000	5.857869
10.000000	5.852922
11.000000	5.848223
12.000000	5.843595
13.000000	5.839061
14.000000	5.834712
15.000000	5.830402
16.000000	5.825891
17.000000	5.821721
18.000000	5.817414
19.000000	5.813188
20.000000	5.809139
21.000000	5.804993
22.000000	5.801033
23.000000	5.797104
24.000000	5.793353
25.000000	5.789684
26.000000	5.786194
27.000000	5.782780
28.000000	5.779687
29.000000	5.776198
30.000000	5.772858
31.000000	5.769505
32.000000	5.766176
33.000000	5.762804
34.000000	5.759493
35.000000	5.756296
36.000000	5.753190
37.000000	5.750027
38.000000	5.746940
39.000000	5.743923
40.000000	5.740706
41.000000	5.737822
42.000000	5.734752
43.000000	5.731925
44.000000	5.729031
45.000000	5.726051
46.000000	5.723402
47.000000	5.720367
48.000000	5.717725
49.000000	5.714766
50.000000	5.712017
51.000000	5.709359
52.000000	5.706364
53.000000	5.703700
54.000000	5.700874
55.000000	5.698145
56.000000	5.695366
57.000000	5.692604
58.000000	5.689909
59.000000	5.687212
60.000000	5.684648
61.000000	5.682166
62.000000	5.679708
63.000000	5.677383
64.000000	5.675042
65.000000	5.672806
66.000000	5.670596
67.000000	5.668462
68.000000	5.665984
69.000000	5.663569
70.000000	5.661091
71.000000	5.658439
72.000000	5.655883
73.000000	5.653310
74.000000	5.650654
75.000000	5.648127
76.000000	5.645596
77.000000	5.643086
78.000000	5.640575
79.000000	5.638014
80.000000	5.635533
81.000000	5.633127
82.000000	5.630869
83.000000	5.628460
84.000000	5.626099
85.000000	5.623929
86.000000	5.621872
87.000000	5.619885
88.000000	5.617942
89.000000	5.616102
90.000000	5.614311
91.000000	5.612559
92.000000	5.610810
93.000000	5.609083
94.000000	5.607222
95.000000	5.605340
96.000000	5.603627
97.000000	5.601856
98.000000	5.600151
99.000000	5.598341
100.000000	5.596521
101.000000	5.594464
102.000000	5.592655
103.000000	5.590668
104.000000	5.588722
105.000000	5.586751
106.000000	5.584902
107.000000	5.583031
108.000000	5.581126
109.000000	5.579302
110.000000	5.577435
111.000000	5.575670
112.000000	5.573862
113.000000	5.571864
114.000000	5.569897
115.000000	5.567523
116.000000	5.565449
117.000000	5.563491
118.000000	5.561622
119.000000	5.559744
120.000000	5.558047
121.000000	5.555984
122.000000	5.554054
123.000000	5.551972
124.000000	5.549834
125.000000	5.547741
126.000000	5.545743
127.000000	5.543608
128.000000	5.541852
129.000000	5.540069
130.000000	5.538297
131.000000	5.536438
132.000000	5.534631
133.000000	5.533086
134.000000	5.531614
135.000000	5.530564
136.000000	5.529306
137.000000	5.528265
138.000000	5.527359
139.000000	5.526471
140.000000	5.525568
141.000000	5.524654
142.000000	5.523466
143.000000	5.522351
144.000000	5.520991
145.000000	5.519798
146.000000	5.518378
147.000000	5.517108
148.000000	5.515896
149.000000	5.514845
150.000000	5.513862
151.000000	5.512707
152.000000	5.511872
153.000000	5.510874
154.000000	5.509951
155.000000	5.509034
156.000000	5.508233
157.000000	5.507449
158.000000	5.506484
159.000000	5.505630
160.000000	5.505011
161.000000	5.504177
162.000000	5.503183
163.000000	5.502415
164.000000	5.501367
165.000000	5.500486
166.000000	5.499645
167.000000	5.498836
168.000000	5.497912
169.000000	5.497110
170.000000	5.496289
171.000000	5.495457
172.000000	5.494657
173.000000	5.493825
174.000000	5.493003
175.000000	5.492286
176.000000	5.491431
177.000000	5.490732
178.000000	5.489984
179.000000	5.489307
180.000000	5.488676
181.000000	5.487904
182.000000	5.487267
183.000000	5.486623
184.000000	5.485975
185.000000	5.485424
186.000000	5.484909
187.000000	5.484340
188.000000	5.483795
189.000000	5.483214
190.000000	5.482709
191.000000	5.482243
192.000000	5.481608
193.000000	5.480999
194.000000	5.480443
195.000000	5.479988
196.000000	5.479396
197.000000	5.478798
198.000000	5.478173
199.000000	5.477611
200.000000	5.477062
201.000000	5.476470
202.000000	5.476033
203.000000	5.475396
204.000000	5.474845
205.000000	5.474303
206.000000	5.473799
207.000000	5.473196
208.000000	5.472651
209.000000	5.472149
210.000000	5.471686
211.000000	5.471094
212.000000	5.470632
213.000000	5.469960
214.000000	5.469311
215.000000	5.468884
216.000000	5.468452
217.000000	5.468012
218.000000	5.467474
219.000000	5.466993
220.000000	5.466478
221.000000	5.466020
222.000000	5.465480
223.000000	5.464993
224.000000	5.464599
225.000000	5.464003
226.000000	5.463513
227.000000	5.462987
228.000000	5.462516
229.000000	5.462099
230.000000	5.461496
231.000000	5.461203
232.000000	5.460586
233.000000	5.460074
234.000000	5.459672
235.000000	5.459161
236.000000	5.458748
237.000000	5.458280
238.000000	5.457842
239.000000	5.457440
240.000000	5.457109
241.000000	5.456797
242.000000	5.456299
243.000000	5.455827
244.000000	5.455496
245.000000	5.455079
246.000000	5.454736
247.000000	5.454218
248.000000	5.453807
249.000000	5.453564
250.000000	5.453246
251.000000	5.452759
252.000000	5.452328
253.000000	5.452023
254.000000	5.451599
255.000000	5.451195
256.000000	5.450835
257.000000	5.450455
258.000000	5.450013
259.000000	5.449672
260.000000	5.449299
261.000000	5.448953
262.000000	5.448638
263.000000	5.448197
264.000000	5.447897
265.000000	5.447391
266.000000	5.447139
267.000000	5.446773
268.000000	5.446340
269.000000	5.446048
270.000000	5.445788
271.000000	5.445334
272.000000	5.444935
273.000000	5.444674
274.000000	5.444333
275.000000	5.443904
276.000000	5.443526
277.000000	5.443207
278.000000	5.442749
279.000000	5.442378
280.000000	5.441954
281.000000	5.441554
282.000000	5.441217
283.000000	5.440848
284.000000	5.440451
285.000000	5.440060
286.000000	5.439748
287.000000	5.439300
288.000000	5.438974
289.000000	5.438588
290.000000	5.438187
291.000000	5.437898
292.000000	5.437528
293.000000	5.437164
294.000000	5.436788
295.000000	5.436488
296.000000	5.436318
297.000000	5.435969
298.000000	5.435535
299.000000	5.435200
300.000000	5.434859
301.000000	5.434537
302.000000	5.434270
303.000000	5.433971
304.000000	5.433803
305.000000	5.433300
306.000000	5.432940
307.000000	5.432612
308.000000	5.432370
309.000000	5.432090
310.000000	5.431743
311.000000	5.431560
312.000000	5.431131
313.000000	5.430810
314.000000	5.430471
315.000000	5.430128
316.000000	5.429820
317.000000	5.429572
318.000000	5.429471
319.000000	5.429062
320.000000	5.428798
321.000000	5.428241
322.000000	5.427860
323.000000	5.427482
324.000000	5.427064
325.000000	5.426709
326.000000	5.426369
327.000000	5.425996
328.000000	5.425589
329.000000	5.425176
330.000000	5.424796
331.000000	5.424432
332.000000	5.424066
333.000000	5.423816
334.000000	5.423563
335.000000	5.423357
336.000000	5.423072
337.000000	5.422816
338.000000	5.422527
339.000000	5.422185
340.000000	5.421879
341.000000	5.421649
342.000000	5.421301
343.000000	5.420956
344.000000	5.420799
345.000000	5.420362
346.000000	5.419956
347.000000	5.419729
348.000000	5.419333
349.000000	5.419013
350.000000	5.418737
351.000000	5.418532
352.000000	5.418395
353.000000	5.418122
354.000000	5.417954
355.000000	5.417678
356.000000	5.417319
357.000000	5.417008
358.000000	5.416669
359.000000	5.416214
360.000000	5.415925
361.000000	5.415431
362.000000	5.415038
363.000000	5.414439
364.000000	5.413937
365.000000	5.413339
366.000000	5.412906
367.000000	5.412482
368.000000	5.411955
369.000000	5.411539
370.000000	5.411053
371.000000	5.410706
372.000000	5.410297
373.000000	5.409867
374.000000	5.409397
375.000000	5.409004
376.000000	5.408516
377.000000	5.408014
378.000000	5.407648
379.000000	5.407295
380.000000	5.406897
381.000000	5.406520
382.000000	5.406250
383.000000	5.405773
384.000000	5.405444
385.000000	5.405128
386.000000	5.404790
387.000000	5.404301
388.000000	5.403892
389.000000	5.403618
390.000000	5.403254
391.000000	5.402866
392.000000	5.402620
393.000000	5.402165
394.000000	5.402030
395.000000	5.401827
396.000000	5.401386
397.000000	5.401123
398.000000	5.400773
399.000000	5.400510
400.000000	5.400302
401.000000	5.399911
402.000000	5.399770
403.000000	5.399345
404.000000	5.399085
405.000000	5.398931
406.000000	5.398670
407.000000	5.398345
408.000000	5.398070
409.000000	5.398882
410.000000	5.400026
411.000000	5.400626
412.000000	5.400894
413.000000	5.400743
414.000000	5.403305
415.000000	5.424033
416.000000	5.449937
417.000000	5.466606
418.000000	5.476056
419.000000	5.481067
420.000000	5.483249
421.000000	5.483608
422.000000	5.482934
423.000000	5.481433
424.000000	5.479672
425.000000	5.477569
426.000000	5.475409
427.000000	5.473288
428.000000	5.471250
429.000000	5.469202
430.000000	5.467282
431.000000	5.465357
432.000000	5.463592
433.000000	5.461945
434.000000	5.460262
435.000000	5.458842
436.000000	5.457479
437.000000	5.456155
438.000000	5.455083
439.000000	5.453837
440.000000	5.452745
441.000000	5.451768
442.000000	5.450841
443.000000	5.449949
444.000000	5.449068
445.000000	5.448311
446.000000	5.447686
447.000000	5.446926
448.000000	5.446118
449.000000	5.445426
450.000000	5.444719
451.000000	5.444097
452.000000	5.443573
453.000000	5.443093
454.000000	5.442482
455.000000	5.441960
456.000000	5.441443
457.000000	5.440972
458.000000	5.440560
459.000000	5.439974
460.000000	5.439471
461.000000	5.439027
462.000000	5.438645
463.000000	5.438124
464.000000	5.437695
465.000000	5.437193
466.000000	5.436979
467.000000	5.436320
468.000000	5.435895
469.000000	5.435470
470.000000	5.435153
471.000000	5.434682
472.000000	5.434233
473.000000	5.433830
474.000000	5.433534
475.000000	5.433034
476.000000	5.432764
477.000000	5.432353
478.000000	5.432002
479.000000	5.431723
480.000000	5.431305
481.000000	5.431042
482.000000	5.430650
483.000000	5.430210
484.000000	5.429960
485.000000	5.429585
486.000000	5.429220
487.000000	5.428837
488.000000	5.428651
489.000000	5.428125
490.000000	5.427759
491.000000	5.427405
492.000000	5.427146
493.000000	5.426765
494.000000	5.426394
495.000000	5.426060
496.000000	5.425621
497.000000	5.425303
498.000000	5.425087
499.000000	5.424691
500.000000	5.424385
501.000000	5.424113
502.000000	5.423883
503.000000	5.423467
504.000000	5.423123
505.000000	5.422848
506.000000	5.422594
507.000000	5.422442
508.000000	5.422154
509.000000	5.421918
510.000000	5.421817
511.000000	5.421458
512.000000	5.421219
513.000000	5.420993
514.000000	5.420747
515.000000	5.420710
516.000000	5.420285
517.000000	5.420045
518.000000	5.419795
519.000000	5.419549
520.000000	5.419335
521.000000	5.419145
522.000000	5.418966
523.000000	5.418769
524.000000	5.418559
525.000000	5.418536
526.000000	5.418220
527.000000	5.418022
528.000000	5.417836
529.000000	5.417674
530.000000	5.417526
531.000000	5.417308
532.000000	5.417094
533.000000	5.416919
534.000000	5.416660
535.000000	5.416377
536.000000	5.416310
537.000000	5.416026
538.000000	5.415829
539.000000	5.415677
540.000000	5.415412
541.000000	5.415349
542.000000	5.417601
543.000000	5.455369
544.000000	5.532205
545.000000	5.614832
546.000000	5.669172
547.000000	5.698560
548.000000	5.713857
549.000000	5.721192
550.000000	5.724178
551.000000	5.724613
552.000000	5.723775
553.000000	5.722315
554.000000	5.720612
555.000000	5.718782
556.000000	5.717082
557.000000	5.715333
558.000000	5.713775
559.000000	5.712330
560.000000	5.710885
561.000000	5.709684
562.000000	5.708519
563.000000	5.707426
564.000000	5.706335
565.000000	5.705360
566.000000	5.704471
567.000000	5.703663
568.000000	5.702858
569.000000	5.702198
570.000000	5.701381
571.000000	5.700774
572.000000	5.700142
573.000000	5.699525
574.000000	5.698959
575.000000	5.698396
576.000000	5.697916
577.000000	5.697412
578.000000	5.696978
579.000000	5.696724
580.000000	5.696167
581.000000	5.695719
582.000000	5.695447
583.000000	5.695053
584.000000	5.694717
585.000000	5.694447
586.000000	5.694057
587.000000	5.693845
588.000000	5.693444
589.000000	5.693112
590.000000	5.692848
591.000000	5.692373
592.000000	5.692170
593.000000	5.691786
594.000000	5.691502
595.000000	5.691253
596.000000	5.690915
597.000000	5.690563
598.000000	5.690345
599.000000	5.690241
600.000000	5.689830
601.000000	5.689501
602.000000	5.689186
603.000000	5.689005
604.000000	5.688685
605.000000	5.688544
606.000000	5.688160
607.000000	5.687876
608.000000	5.687599
609.000000	5.687438
610.000000	5.687089
611.000000	5.686835
612.000000	5.686562
613.000000	5.686342
614.000000	5.686106
615.000000	5.685935
616.000000	5.685598
617.000000	5.685418
618.000000	5.685261
619.000000	5.685052
620.000000	5.684933
621.000000	5.684706
622.000000	5.684602
623.000000	5.684438
624.000000	5.684136
625.000000	5.683995
626.000000	5.683990
627.000000	5.683666
628.000000	5.683574
629.000000	5.683490
630.000000	5.683195
631.000000	5.683006
632.000000	5.682864
633.000000	5.682707
634.000000	5.682616
635.000000	5.682322
636.000000	5.682248
637.000000	5.681929
638.000000	5.681865
639.000000	5.681570
640.000000	5.681469
641.000000	5.681282
642.000000	5.681249
643.000000	5.680959
644.000000	5.680854
645.000000	5.680816
646.000000	5.680524
647.000000	5.680404
648.000000	5.680294
649.000000	5.680110
650.000000	5.679960
651.000000	5.679816
652.000000	5.679711
653.000000	5.679729
654.000000	5.679396
655.000000	5.679284
656.000000	5.679170
657.000000	5.679055
658.000000	5.679011
659.000000	5.678817
660.000000	5.678649
661.000000	5.678509
662.000000	5.678333
663.000000	5.678370
664.000000	5.678125
665.000000	5.678198
666.000000	5.678026
667.000000	5.677796
668.000000	5.677694
669.000000	5.677568
670.000000	5.677482
671.000000	5.677320
672.000000	5.677176
673.000000	5.677082
674.000000	5.676939
675.000000	5.676786
676.000000	5.676667
677.000000	5.676628
678.000000	5.676438
679.000000	5.676434
680.000000	5.676213
681.000000	5.676149
682.000000	5.675982
683.000000	5.675896
684.000000	5.675810
685.000000	5.675616
686.000000	5.675504
687.000000	5.675348
688.000000	5.675235
689.000000	5.675085
690.000000	5.740197
691.000000	6.050242
692.000000	6.530848
693.000000	6.718760
694.000000	6.758728
695.000000	6.766721
696.000000	6.767784
697.000000	6.767545
698.000000	6.767103
699.000000	6.766752
700.000000	6.766346
701.000000	6.766153
702.000000	6.765791
703.000000	6.765645
704.000000	6.765315
705.000000	6.765164
706.000000	6.764928
707.000000	6.764759
708.000000	6.764660
709.000000	6.764483
710.000000	6.764338
711.000000	6.764262
712.000000	6.764182
713.000000	6.764137
714.000000	6.764172
715.000000	6.763858
716.000000	6.763782
717.000000	6.763725
718.000000	6.763709
719.000000	6.763625
720.000000	6.763560
721.000000	6.763432
722.000000	6.763418
723.000000	6.763353
724.000000	6.763214
725.000000	6.763265
726.000000	6.763155
727.000000	6.763024
728.000000	6.762927
729.000000	6.762887
730.000000	6.762948
731.000000	6.762767
732.000000	6.762785
733.000000	6.762691
734.000000	6.762632
735.000000	6.762646
736.000000	6.762613
737.000000	6.762634
738.000000	6.762550
739.000000	6.762449
740.000000	6.762383
741.000000	6.762317
742.000000	6.762323
743.000000	6.762196
744.000000	6.762155
745.000000	6.762124
746.000000	6.762079
747.000000	6.762060
748.000000	6.761970
749.000000	6.761931
750.000000	6.761865
751.000000	6.761765
752.000000	6.761676
753.000000	6.761688
754.000000	6.761624
755.000000	6.761660
756.000000	6.761689
757.000000	6.761491
758.000000	6.761550
759.000000	6.761608
760.000000	6.761337
761.000000	6.761433
762.000000	6.761363
763.000000	6.761414
764.000000	6.761278
765.000000	6.761315
766.000000	6.761323
767.000000	6.761234
768.000000	6.761313
769.000000	6.761159
770.000000	6.761088
771.000000	6.761148
772.000000	6.761083
773.000000	6.761058
774.000000	6.761081
775.000000	6.761048
776.000000	6.761002
777.000000	6.760986
778.000000	6.760958
779.000000	6.760960
780.000000	6.760943
781.000000	6.760906
782.000000	6.760824
783.000000	6.760916
784.000000	6.760974
785.000000	6.760876
786.000000	6.760863
787.000000	6.760834
788.000000	6.826754
789.000000	6.805895
790.000000	7.200861
791.000000	7.778570
792.000000	8.074396
793.000000	8.204451
794.000000	8.206359
795.000000	8.206777
796.000000	8.207059
797.000000	8.207133
798.000000	8.207248
799.000000	8.207261
800.000000	8.207223
801.000000	8.207369
802.000000	8.207157
803.000000	8.207152
804.000000	8.207074
805.000000	8.207012
806.000000	8.206916
807.000000	8.206862
808.000000	8.206826
809.000000	8.206829
810.000000	8.206815
811.000000	8.206852
812.000000	8.206678
813.000000	8.206535
814.000000	8.206562
815.000000	8.206574
816.000000	8.206416
817.000000	8.206439
818.000000	8.206328
819.000000	8.206277
820.000000	8.206264
821.000000	8.206163
822.000000	8.206171
823.000000	8.206135
824.000000	8.206084
825.000000	8.206082
826.000000	8.206053
827.000000	8.206006
828.000000	8.205996
829.000000	8.205942
830.000000	8.205917
831.000000	8.205936
832.000000	8.205870
833.000000	8.205841
834.000000	8.205786
835.000000	8.205942
836.000000	8.205887
837.000000	8.205778
838.000000	8.205760
839.000000	8.205705
840.000000	8.205665
841.000000	8.205702
842.000000	8.205686
843.000000	8.205627
844.000000	8.205607
845.000000	8.205594
846.000000	8.205619
847.000000	8.205600
848.000000	8.205510
849.000000	8.205525
850.000000	8.205525
851.000000	8.205545
852.000000	8.205504
853.000000	8.205521
854.000000	8.205473
855.000000	8.205519
856.000000	8.205407
857.000000	8.205419
858.000000	8.205394
859.000000	8.205382
860.000000	8.205379
861.000000	8.205391
862.000000	8.205404
863.000000	8.205471
864.000000	8.205351
865.000000	8.236774
866.000000	8.423388
867.000000	8.647846
868.000000	8.954291
869.000000	9.081020
870.000000	9.091698
871.000000	9.092536
872.000000	9.093071
873.000000	9.093190
874.000000	9.093206
875.000000	9.093184
876.000000	9.092920
877.000000	9.092866
878.000000	9.092886
879.000000	9.092776
880.000000	9.092743
881.000000	9.092550
882.000000	9.092512
883.000000	9.092414
884.000000	9.092398
885.000000	9.092315
886.000000	9.092294
887.000000	9.092218
888.000000	9.092267
889.000000	9.092141
890.000000	9.091997
891.000000	9.091978
892.000000	9.091836
893.000000	9.091727
894.000000	9.091866
895.000000	9.091733
896.000000	9.091819
897.000000	9.092019
898.000000	9.091921
899.000000	9.091906
900.000000	9.091951
901.000000	9.092013
902.000000	9.091861
903.000000	9.091819
904.000000	9.091947
905.000000	9.091764
906.000000	9.091725
907.000000	9.091753
908.000000	9.091637
909.000000	9.091547
910.000000	9.091719
911.000000	9.091764
912.000000	9.091778
913.000000	9.091800
914.000000	9.091890
915.000000	9.091792
916.000000	9.091809
917.000000	9.091681
918.000000	9.091320
919.000000	9.091378
920.000000	9.091628
921.000000	9.091906
922.000000	9.092028
923.000000	9.091919
924.000000	9.091874
925.000000	9.091757
926.000000	9.091758
927.000000	9.091825
928.000000	9.091762
929.000000	9.091725
930.000000	9.091753
931.000000	9.091843
932.000000	9.091749
933.000000	9.091772
934.000000	9.091842
935.000000	9.092069
936.000000	9.091999
937.000000	9.091968
938.000000	9.091938
939.000000	9.091913
940.000000	9.092000
941.000000	9.091937
942.000000	9.091876
943.000000	9.091970
944.000000	9.092128
945.000000	9.092075
946.000000	9.092194
947.000000	9.091957
948.000000	9.091989
949.000000	9.091990
950.000000	9.091850
951.000000	9.091796
952.000000	9.091930
953.000000	9.091798
954.000000	9.091962
955.000000	9.092241
956.000000	9.092415
957.000000	9.092598
958.000000	9.092631
959.000000	9.092431
960.000000	9.092325
961.000000	9.092380
962.000000	9.092436
963.000000	9.092566
964.000000	9.092532
965.000000	9.092438
966.000000	9.092518
967.000000	9.092639
968.000000	9.092620
969.000000	9.092685
970.000000	8.849950
971.000000	8.512220
972.000000	8.307702
973.000000	8.219623
974.000000	8.206416
975.000000	8.205684
976.000000	8.205433
977.000000	8.205326
978.000000	8.205339
979.000000	8.205241
980.000000	8.205221
981.000000	8.205325
982.000000	8.205400
983.000000	8.205436
984.000000	8.205297
985.000000	8.205338
986.000000	8.205358
987.000000	8.205387
988.000000	8.205523
989.000000	8.205494
990.000000	8.205455
991.000000	8.205475
992.000000	8.205589
993.000000	8.205435
994.000000	8.205472
995.000000	8.205453
996.000000	8.205412
997.000000	8.205404
998.000000	8.205449
999.000000	8.205543
1000.000000	8.205440
1001.000000	8.205449
1002.000000	8.205459
1003.000000	8.205509
1004.000000	8.205494
1005.000000	8.205564
1006.000000	8.205550
1007.000000	8.205514
1008.000000	8.205568
1009.000000	8.205549
1010.000000	8.205506
1011.000000	8.205471
1012.000000	8.205608
1013.000000	8.205470
1014.000000	8.205466
1015.000000	8.205434
1016.000000	8.205354
1017.000000	8.205332
1018.000000	8.205341
1019.000000	8.205408
1020.000000	8.205281
1021.000000	8.205305
1022.000000	8.205362
1023.000000	8.205350
1024.000000	8.205334
1025.000000	8.205274
1026.000000	8.205272
1027.000000	8.205292
1028.000000	8.205262
1029.000000	8.205299
1030.000000	8.205282
1031.000000	8.205289
1032.000000	8.205299
1033.000000	8.205465
1034.000000	8.205296
1035.000000	8.205311
1036.000000	8.205258
1037.000000	8.205219
1038.000000	8.205256
1039.000000	8.205225
1040.000000	8.205282
1041.000000	8.205296
1042.000000	8.205258
1043.000000	8.205243
1044.000000	8.205301
1045.000000	8.205239
1046.000000	8.205246
1047.000000	8.205256
1048.000000	8.205397
1049.000000	8.205357
1050.000000	8.205185
1051.000000	8.205315
1052.000000	8.205281
1053.000000	8.205250
1054.000000	8.205260
1055.000000	8.205219
1056.000000	8.205233
1057.000000	8.205274
1058.000000	8.205330
1059.000000	8.205326
1060.000000	8.205341
1061.000000	8.205309
1062.000000	8.197756
1063.000000	7.989544
1064.000000	7.925435
1065.000000	7.640060
1066.000000	7.233671
1067.000000	6.911486
1068.000000	6.798539
1069.000000	6.772832
1070.000000	6.765789
1071.000000	6.763306
1072.000000	6.762340
1073.000000	6.761647
1074.000000	6.761187
1075.000000	6.760904
1076.000000	6.760514
1077.000000	6.760281
1078.000000	6.760072
1079.000000	6.759869
1080.000000	6.759771
1081.000000	6.759603
1082.000000	6.759546
1083.000000	6.759273
1084.000000	6.759152
1085.000000	6.759128
1086.000000	6.759019
1087.000000	6.758924
1088.000000	6.758918
1089.000000	6.758809
1090.000000	6.758796
1091.000000	6.758734
1092.000000	6.758696
1093.000000	6.758733
1094.000000	6.758598
1095.000000	6.758553
1096.000000	6.758563
1097.000000	6.758537
1098.000000	6.758411
1099.000000	6.758420
1100.000000	6.758400
1101.000000	6.758375
1102.000000	6.758371
1103.000000	6.758476
1104.000000	6.758279
1105.000000	6.758275
1106.000000	6.758316
1107.000000	6.758239
1108.000000	6.758291
1109.000000	6.758324
1110.000000	6.758241
1111.000000	6.758206
1112.000000	6.758215
1113.000000	6.758152
1114.000000	6.758209
1115.000000	6.758215
1116.000000	6.758283
1117.000000	6.758123
1118.000000	6.758236
1119.000000	6.758308
1120.000000	6.758133
1121.000000	6.758216
1122.000000	6.758191
1123.000000	6.758109
1124.000000	6.758308
1125.000000	6.758191
1126.000000	6.758115
1127.000000	6.758217
1128.000000	6.758154
1129.000000	6.758164
1130.000000	6.758155
1131.000000	6.758100
1132.000000	6.758141
1133.000000	6.758101
1134.000000	6.758103
1135.000000	6.758113
1136.000000	6.758112
1137.000000	6.758215
1138.000000	6.758038
1139.000000	6.758035
1140.000000	6.758195
1141.000000	6.758159
1142.000000	6.758063
1143.000000	6.758184
1144.000000	6.758034
1145.000000	6.758054
1146.000000	6.757970
1147.000000	6.757996
1148.000000	6.757968
1149.000000	6.758031
1150.000000	6.757963
1151.000000	6.757941
1152.000000	6.757956
1153.000000	6.709871
1154.000000	6.421072
1155.000000	6.153982
1156.000000	5.941598
1157.000000	5.804058
1158.000000	5.727156
1159.000000	5.683293
1160.000000	5.658248
1161.000000	5.643934
1162.000000	5.635683
1163.000000	5.631033
1164.000000	5.628524
1165.000000	5.627223
1166.000000	5.626677
1167.000000	5.626352
1168.000000	5.626466
1169.000000	5.626510
1170.000000	5.626709
1171.000000	5.626938
1172.000000	5.627063
1173.000000	5.627366
1174.000000	5.627407
1175.000000	5.627551
1176.000000	5.627785
1177.000000	5.627829
1178.000000	5.628104
1179.000000	5.628044
1180.000000	5.628137
1181.000000	5.628215
1182.000000	5.628260
1183.000000	5.628374
1184.000000	5.628481
1185.000000	5.628518
1186.000000	5.628598
1187.000000	5.628680
1188.000000	5.628700
1189.000000	5.628852
1190.000000	5.628834
1191.000000	5.629011
1192.000000	5.628832
1193.000000	5.628942
1194.000000	5.628862
1195.000000	5.628920
1196.000000	5.628912
1197.000000	5.628948
1198.000000	5.628891
1199.000000	5.628988
1200.000000	5.628899
1201.000000	5.628969
1202.000000	5.628915
1203.000000	5.628905
1204.000000	5.628881
1205.000000	5.628864
1206.000000	5.628776
1207.000000	5.628838
1208.000000	5.628696
1209.000000	5.628798
1210.000000	5.628604
1211.000000	5.628561
1212.000000	5.628531
1213.000000	5.628639
1214.000000	5.628459
1215.000000	5.628429
1216.000000	5.628359
1217.000000	5.628330
1218.000000	5.628323
1219.000000	5.628331
1220.000000	5.628252
1221.000000	5.628257
1222.000000	5.628173
1223.000000	5.628187
1224.000000	5.628230
1225.000000	5.628187
1226.000000	5.628162
1227.000000	5.628073
1228.000000	5.628168
1229.000000	5.628029
1230.000000	5.628067
1231.000000	5.628002
1232.000000	5.627926
1233.000000	5.627905
1234.000000	5.627898
1235.000000	5.627887
1236.000000	5.627848
1237.000000	5.627841
1238.000000	5.627790
1239.000000	5.627702
1240.000000	5.614407
1241.000000	5.544200
1242.000000	5.456466
1243.000000	5.385890
1244.000000	5.335604
1245.000000	5.301135
1246.000000	5.277662
1247.000000	5.261858
1248.000000	5.251541
1249.000000	5.244930
1250.000000	5.241065
1251.000000	5.239147
1252.000000	5.238615
1253.000000	5.238989
1254.000000	5.239924
1255.000000	5.241308
1256.000000	5.242915
1257.000000	5.244624
1258.000000	5.246467
1259.000000	5.248272
1260.000000	5.250096
1261.000000	5.251915
1262.000000	5.253644
1263.000000	5.255143
1264.000000	5.256704
1265.000000	5.258212
1266.000000	5.259616
1267.000000	5.260996
1268.000000	5.262094
1269.000000	5.263258
1270.000000	5.264291
1271.000000	5.265314
1272.000000	5.266236
1273.000000	5.267241
1274.000000	5.267990
1275.000000	5.268801
1276.000000	5.269554
1277.000000	5.270272
1278.000000	5.270851
1279.000000	5.271507
1280.000000	5.272159
1281.000000	5.272592
1282.000000	5.273065
1283.000000	5.273481
1284.000000	5.273958
1285.000000	5.274344
1286.000000	5.274696
1287.000000	5.275041
1288.000000	5.275340
1289.000000	5.275646
1290.000000	5.276027
1291.000000	5.276241
1292.000000	5.276629
1293.000000	5.276740
1294.000000	5.276959
1295.000000	5.277209
1296.000000	5.277481
1297.000000	5.277543
1298.000000	5.277718
1299.000000	5.277874
1300.000000	5.278052
1301.000000	5.278192
1302.000000	5.278321
1303.000000	5.278592
1304.000000	5.278625
1305.000000	5.278609
1306.000000	5.278714
1307.000000	5.278785
1308.000000	5.278882
1309.000000	5.279035
1310.000000	5.279143
1311.000000	5.279271
1312.000000	5.279287
1313.000000	5.279334
1314.000000	5.279388
1315.000000	5.279507
1316.000000	5.279628
1317.000000	5.279636
1318.000000	5.279654
1319.000000	5.279695
1320.000000	5.279812
1321.000000	5.279839
1322.000000	5.279786
1323.000000	5.279867
1324.000000	5.279909
1325.000000	5.279941
1326.000000	5.279953
1327.000000	5.279965
1328.000000	5.279875
1329.000000	5.279969
1330.000000	5.279946
1331.000000	5.280102
1332.000000	5.280033
1333.000000	5.280036
1334.000000	5.280040
1335.000000	5.280076
1336.000000	5.280178
1337.000000	5.280161
1338.000000	5.280181
1339.000000	5.280245
1340.000000	5.280332
1341.000000	5.280312
1342.000000	5.280314
1343.000000	5.280311
1344.000000	5.280480
1345.000000	5.272354
1346.000000	5.233587
1347.000000	5.202148
1348.000000	5.179560
1349.000000	5.163857
1350.000000	5.152324
1351.000000	5.142903
1352.000000	5.136748
1353.000000	5.132996
1354.000000	5.131049
1355.000000	5.130440
1356.000000	5.130822
1357.000000	5.131737
1358.000000	5.133112
1359.000000	5.134797
1360.000000	5.136641
1361.000000	5.138556
1362.000000	5.140538
1363.000000	5.142500
1364.000000	5.144490
1365.000000	5.146319
1366.000000	5.148094
1367.000000	5.149908
1368.000000	5.151388
1369.000000	5.152938
1370.000000	5.154341
1371.000000	5.155473
1372.000000	5.156776
1373.000000	5.157941
1374.000000	5.158951
1375.000000	5.159965
1376.000000	5.160705
1377.000000	5.161451
1378.000000	5.162239
1379.000000	5.162817
1380.000000	5.163515
1381.000000	5.163969
1382.000000	5.164501
1383.000000	5.165050
1384.000000	5.165336
1385.000000	5.165699
1386.000000	5.166140
1387.000000	5.166654
1388.000000	5.166741
1389.000000	5.167036
1390.000000	5.167323
1391.000000	5.167531
1392.000000	5.167786
1393.000000	5.167845
1394.000000	5.168042
1395.000000	5.168139
1396.000000	5.168285
1397.000000	5.168342
1398.000000	5.168661
1399.000000	5.168692
1400.000000	5.168918
1401.000000	5.168952
1402.000000	5.169030
1403.000000	5.169162
1404.000000	5.169168
1405.000000	5.169266
1406.000000	5.169277
1407.000000	5.169354
1408.000000	5.169676
1409.000000	5.169594
1410.000000	5.169635
1411.000000	5.169670
1412.000000	5.169760
1413.000000	5.169821
1414.000000	5.169881
1415.000000	5.169850
1416.000000	5.169926
1417.000000	5.169894
1418.000000	5.169977
1419.000000	5.169832
1420.000000	5.169952
1421.000000	5.169949
1422.000000	5.169904
1423.000000	5.169899
1424.000000	5.169951
1425.000000	5.169929
1426.000000	5.169867
1427.000000	5.169838
1428.000000	5.169854
1429.000000	5.169879
1430.000000	5.169939
1431.000000	5.169922
1432.000000	5.169955
1433.000000	5.169967
1434.000000	5.169771
1435.000000	5.169743
1436.000000	5.169628
1437.000000	5.169552
1438.000000	5.169512
1439.000000	5.169463
1440.000000	5.169438
1441.000000	5.169417
1442.000000	5.169343
1443.000000	5.169338
1444.000000	5.169281
1445.000000	5.169348
1446.000000	5.169230
1447.000000	5.169242
1448.000000	5.169200
1449.000000	5.169344
1450.000000	5.169374
1451.000000	5.169382
1452.000000	5.169472
1453.000000	5.169464
1454.000000	5.169475
1455.000000	5.169518
1456.000000	5.169304
1457.000000	5.169210
1458.000000	5.169176
1459.000000	5.169176
1460.000000	5.269158
1461.000000	5.394894
1462.000000	5.482407
1463.000000	10.037713
1464.000000	10.036856
1465.000000	10.036039
1466.000000	10.035336
1467.000000	10.034821
1468.000000	10.034391
1469.000000	10.034039
1470.000000	10.033609
1471.000000	10.033270
1472.000000	10.032962
1473.000000	10.032681
1474.000000	10.032378
1475.000000	10.032204
1476.000000	10.031939
1477.000000	10.031676
1478.000000	10.031427
1479.000000	10.031120
1480.000000	10.030931
1481.000000	10.030744
1482.000000	10.030593
1483.000000	10.030449
1484.000000	10.030281
1485.000000	10.030132
1486.000000	10.030065
1487.000000	10.029837
1488.000000	10.029775
1489.000000	10.029613
1490.000000	10.029443
1491.000000	10.029357
1492.000000	10.029212
1493.000000	10.029125
1494.000000	10.029138
1495.000000	10.028980
1496.000000	10.028892
1497.000000	10.028764
1498.000000	10.028664
1499.000000	10.028780
1500.000000	10.028602
1501.000000	10.028625
1502.000000	10.028373
1503.000000	10.028486
1504.000000	10.028574
1505.000000	10.028303
1506.000000	10.028438
1507.000000	10.028274
1508.000000	10.028256
1509.000000	10.028399
1510.000000	10.028168
1511.000000	10.028169
1512.000000	10.028223
1513.000000	10.028149
1514.000000	10.028161
1515.000000	10.028027
1516.000000	10.028041
1517.000000	10.028018
1518.000000	10.028143
1519.000000	10.027996
