0.000000	7.104584
1.000000	7.104569
1.000000	7.104536
2.000000	7.104493
3.000000	7.104442
4.000000	7.104370
5.000000	7.104313
6.000000	7.104245
7.000000	7.104093
8.000000	7.104045
9.000000	7.103979
10.000000	7.104043
11.000000	7.103862
12.000000	7.103842
13.000000	7.103653
14.000000	7.103659
15.000000	7.103591
16.000000	7.103556
17.000000	7.103421
18.000000	7.103370
19.000000	7.103339
20.000000	7.103225
21.000000	7.103209
22.000000	7.103167
23.000000	7.103020
24.000000	7.103018
25.000000	7.102803
26.000000	7.102716
27.000000	7.102677
28.000000	7.102685
29.000000	7.102538
30.000000	7.102538
31.000000	7.102384
32.000000	7.102309
33.000000	7.102338
34.000000	7.102256
35.000000	7.102085
36.000000	7.102190
37.000000	7.101934
38.000000	7.101911
39.000000	7.101825
40.000000	7.101821
41.000000	7.101845
42.000000	7.101856
43.000000	7.101825
44.000000	7.101804
45.000000	7.101802
46.000000	7.101860
47.000000	7.101763
48.000000	7.101782
49.000000	7.101659
50.000000	7.101503
51.000000	7.101519
52.000000	7.101437
53.000000	7.101335
54.000000	7.101292
55.000000	7.101240
56.000000	7.101132
57.000000	7.101067
58.000000	7.101001
59.000000	7.100980
60.000000	7.100888
61.000000	7.100806
62.000000	7.100607
63.000000	7.100584
64.000000	7.100479
65.000000	7.100404
66.000000	7.100757
67.000000	7.100978
68.000000	7.101192
69.000000	7.101395
70.000000	7.101987
71.000000	7.104989
72.000000	7.112515
73.000000	7.119645
74.000000	7.124918
75.000000	7.128964
76.000000	7.132293
77.000000	7.135150
78.000000	7.137568
79.000000	7.139589
80.000000	7.141567
81.000000	7.143242
82.000000	7.144855
83.000000	7.146439
84.000000	7.147899
85.000000	7.149218
86.000000	7.150570
87.000000	7.151858
88.000000	7.153052
89.000000	7.154243
90.000000	7.155385
91.000000	7.156373
92.000000	7.157400
93.000000	7.158441
94.000000	7.159165
95.000000	7.160006
96.000000	7.160676
97.000000	7.161336
98.000000	7.161938
99.000000	7.162505
100.000000	7.163037
101.000000	7.163421
102.000000	7.163653
103.000000	7.163949
104.000000	7.164234
105.000000	7.164341
106.000000	7.164497
107.000000	7.164612
108.000000	7.164618
109.000000	7.164610
110.000000	7.164602
111.000000	7.164619
112.000000	7.164446
113.000000	7.164273
114.000000	7.164122
115.000000	7.163872
116.000000	7.163675
117.000000	7.163437
118.000000	7.163158
119.000000	7.162978
120.000000	7.162517
121.000000	7.162211
122.000000	7.161874
123.000000	7.161422
124.000000	7.161048
125.000000	7.160705
126.000000	7.160304
127.000000	7.159740
128.000000	7.159331
129.000000	7.158807
130.000000	7.158364
131.000000	7.157938
132.000000	7.157414
133.000000	7.156956
134.000000	7.156399
135.000000	7.155907
136.000000	7.155418
137.000000	7.154815
138.000000	7.154298
139.000000	7.153659
140.000000	7.153132
141.000000	7.152620
142.000000	7.152057
143.000000	7.151576
144.000000	7.150970
145.000000	7.150394
146.000000	7.149910
147.000000	7.149271
148.000000	7.148721
149.000000	7.148088
150.000000	7.147550
151.000000	7.147131
152.000000	7.146617
153.000000	7.146003
154.000000	7.145393
155.000000	7.144779
156.000000	7.144210
157.000000	7.143651
158.000000	7.143010
159.000000	7.142446
160.000000	7.141889
161.000000	7.141340
162.000000	7.140728
163.000000	7.140214
164.000000	7.139565
165.000000	7.139097
166.000000	7.138458
167.000000	7.137881
168.000000	7.137345
169.000000	7.136747
170.000000	7.136196
171.000000	7.135601
172.000000	7.135013
173.000000	7.134438
174.000000	7.133891
175.000000	7.133394
176.000000	7.132965
177.000000	7.132258
178.000000	7.131764
179.000000	7.131120
180.000000	7.130699
181.000000	7.130123
182.000000	7.129688
183.000000	7.129113
184.000000	7.128729
185.000000	7.128263
186.000000	7.127595
187.000000	7.127084
188.000000	7.126786
189.000000	7.126150
190.000000	7.125574
191.000000	7.124968
192.000000	7.124544
193.000000	7.123953
194.000000	7.123511
195.000000	7.123063
196.000000	7.122558
197.000000	7.122024
198.000000	7.121574
199.000000	7.121103
200.000000	7.120610
201.000000	7.120176
202.000000	7.119709
203.000000	7.119253
204.000000	7.118825
205.000000	7.118403
206.000000	7.118010
207.000000	7.117581
208.000000	7.117139
209.000000	7.116687
210.000000	7.116327
211.000000	7.116003
212.000000	7.115399
213.000000	7.114997
214.000000	7.114565
215.000000	7.114152
216.000000	7.113753
217.000000	7.113482
218.000000	7.112916
219.000000	7.112525
220.000000	7.112086
221.000000	7.111728
222.000000	7.111340
223.000000	7.110925
224.000000	7.110498
225.000000	7.110109
226.000000	7.109760
227.000000	7.109496
228.000000	7.109062
229.000000	7.108709
230.000000	7.108283
231.000000	7.107920
232.000000	7.107535
233.000000	7.107233
234.000000	7.106857
235.000000	7.106465
236.000000	7.106108
237.000000	7.105670
238.000000	7.105438
239.000000	7.104914
240.000000	7.104464
241.000000	7.104044
242.000000	7.103684
243.000000	7.103419
244.000000	7.102878
245.000000	7.102442
246.000000	7.102091
247.000000	7.101700
248.000000	7.101227
249.000000	7.100905
250.000000	7.100433
251.000000	7.100126
252.000000	7.099689
253.000000	7.099333
254.000000	7.098994
255.000000	7.098534
256.000000	7.098127
257.000000	7.097756
258.000000	7.097433
259.000000	7.096913
260.000000	7.096513
261.000000	7.096166
262.000000	7.095865
263.000000	7.095358
264.000000	7.095078
265.000000	7.094565
266.000000	7.094151
267.000000	7.093803
268.000000	7.093384
269.000000	7.093127
270.000000	7.092554
271.000000	7.092207
272.000000	7.091805
273.000000	7.091418
274.000000	7.091040
275.000000	7.090715
276.000000	7.090475
277.000000	7.089972
278.000000	7.089785
279.000000	7.089374
280.000000	7.088997
281.000000	7.088639
282.000000	7.088372
283.000000	7.087921
284.000000	7.087527
285.000000	7.087190
286.000000	7.086814
287.000000	7.086511
288.000000	7.086157
289.000000	7.085777
290.000000	7.085437
291.000000	7.085038
292.000000	7.084746
293.000000	7.084414
294.000000	7.083972
295.000000	7.084031
296.000000	7.096810
297.000000	7.119025
298.000000	7.147197
299.000000	7.167739
300.000000	7.185249
301.000000	7.200740
302.000000	7.214486
303.000000	7.227194
304.000000	7.238719
305.000000	7.249491
306.000000	7.259093
307.000000	7.268016
308.000000	7.276222
309.000000	7.283597
310.000000	7.290337
311.000000	7.296442
312.000000	7.301887
313.000000	7.306728
314.000000	7.311111
315.000000	7.315045
316.000000	7.318488
317.000000	7.321515
318.000000	7.324312
319.000000	7.326726
320.000000	7.328753
321.000000	7.330723
322.000000	7.332409
323.000000	7.333756
324.000000	7.334812
325.000000	7.335859
326.000000	7.336600
327.000000	7.337251
328.000000	7.337915
329.000000	7.338539
330.000000	7.338773
331.000000	7.339028
332.000000	7.339177
333.000000	7.339264
334.000000	7.339249
335.000000	7.339161
336.000000	7.338989
337.000000	7.338819
338.000000	7.338747
339.000000	7.338429
340.000000	7.338132
341.000000	7.337677
342.000000	7.337302
343.000000	7.336873
344.000000	7.336462
345.000000	7.336062
346.000000	7.335574
347.000000	7.335205
348.000000	7.334679
349.000000	7.334033
350.000000	7.333541
351.000000	7.333052
352.000000	7.332723
353.000000	7.332019
354.000000	7.331498
355.000000	7.330984
356.000000	7.330488
357.000000	7.329975
358.000000	7.329297
359.000000	7.328794
360.000000	7.328262
361.000000	7.327655
362.000000	7.327142
363.000000	7.326592
364.000000	7.326144
365.000000	7.325507
366.000000	7.324927
367.000000	7.324377
368.000000	7.323890
369.000000	7.323432
370.000000	7.322888
371.000000	7.322382
372.000000	7.321906
373.000000	7.321376
374.000000	7.320883
375.000000	7.320410
376.000000	7.319871
377.000000	7.319371
378.000000	7.318902
379.000000	7.318418
380.000000	7.317922
381.000000	7.317409
382.000000	7.316869
383.000000	7.316393
384.000000	7.315893
385.000000	7.315366
386.000000	7.314948
387.000000	7.314346
388.000000	7.313880
389.000000	7.313379
390.000000	7.312952
391.000000	7.312575
392.000000	7.312011
393.000000	7.311543
394.000000	7.311117
395.000000	7.310669
396.000000	7.310275
397.000000	7.309802
398.000000	7.309455
399.000000	7.308944
400.000000	7.308500
401.000000	7.308029
402.000000	7.307537
403.000000	7.307097
404.000000	7.306754
405.000000	7.306197
406.000000	7.305852
407.000000	7.305383
408.000000	7.304912
409.000000	7.304460
410.000000	7.304123
411.000000	7.303751
412.000000	7.303498
413.000000	7.302923
414.000000	7.302623
415.000000	7.302288
416.000000	7.301840
417.000000	7.301524
418.000000	7.301125
419.000000	7.300842
420.000000	7.300573
421.000000	7.300265
422.000000	7.299749
423.000000	7.299384
424.000000	7.299114
425.000000	7.298753
426.000000	7.298433
427.000000	7.298112
428.000000	7.297726
429.000000	7.297413
430.000000	7.297243
431.000000	7.296835
432.000000	7.296466
433.000000	7.296068
434.000000	7.295795
435.000000	7.295527
436.000000	7.295115
437.000000	7.294885
438.000000	7.294682
439.000000	7.294332
440.000000	7.294016
441.000000	7.293773
442.000000	7.293478
443.000000	7.293217
444.000000	7.292912
445.000000	7.292644
446.000000	7.292463
447.000000	7.292092
448.000000	7.291820
449.000000	7.291563
450.000000	7.291421
451.000000	7.291021
452.000000	7.290766
453.000000	7.290530
454.000000	7.290254
455.000000	7.290059
456.000000	7.289723
457.000000	7.289482
458.000000	7.289289
459.000000	7.289030
460.000000	7.288776
461.000000	7.288548
462.000000	7.288303
463.000000	7.288167
464.000000	7.287772
465.000000	7.287471
466.000000	7.287339
467.000000	7.286999
468.000000	7.286769
469.000000	7.286491
470.000000	7.286245
471.000000	7.286083
472.000000	7.285929
473.000000	7.285587
474.000000	7.285288
475.000000	7.285037
476.000000	7.284823
477.000000	7.284556
478.000000	7.284332
479.000000	7.284065
480.000000	7.283926
481.000000	7.283673
482.000000	7.283375
483.000000	7.283208
484.000000	7.282911
485.000000	7.282681
486.000000	7.282370
487.000000	7.282202
488.000000	7.281994
489.000000	7.281908
490.000000	7.281633
491.000000	7.281424
492.000000	7.281162
493.000000	7.280906
494.000000	7.280652
495.000000	7.280408
496.000000	7.280209
497.000000	7.279951
498.000000	7.279778
499.000000	7.279647
500.000000	7.279388
501.000000	7.279086
502.000000	7.278896
503.000000	7.278629
504.000000	7.278496
505.000000	7.278196
506.000000	7.277977
507.000000	7.277856
508.000000	7.277602
509.000000	7.277385
510.000000	7.277225
511.000000	7.276959
512.000000	7.276828
513.000000	7.276534
514.000000	7.276335
515.000000	7.276156
516.000000	7.275955
517.000000	7.275789
518.000000	7.275559
519.000000	7.275325
520.000000	7.275192
521.000000	7.274899
522.000000	7.274696
523.000000	7.274476
524.000000	7.274303
525.000000	7.274059
526.000000	7.273831
527.000000	7.273562
528.000000	7.273362
529.000000	7.273247
530.000000	7.272938
531.000000	7.272679
532.000000	7.272484
533.000000	7.272360
534.000000	7.272225
535.000000	7.271888
536.000000	7.271843
537.000000	7.271528
538.000000	7.271265
539.000000	7.271058
540.000000	7.270902
541.000000	7.270706
542.000000	7.270452
543.000000	7.270327
544.000000	7.270152
545.000000	7.269921
546.000000	7.269747
547.000000	7.269587
548.000000	7.269394
549.000000	7.269125
550.000000	7.268959
551.000000	7.268710
552.000000	7.268496
553.000000	7.268377
554.000000	7.268178
555.000000	7.268017
556.000000	7.267753
557.000000	7.267496
558.000000	7.267383
559.000000	7.267128
560.000000	7.266879
561.000000	7.266707
562.000000	7.266537
563.000000	7.266385
564.000000	7.266187
565.000000	7.266000
566.000000	7.265809
567.000000	7.265627
568.000000	7.265437
569.000000	7.265240
570.000000	7.265127
571.000000	7.264916
572.000000	7.264731
573.000000	7.264635
574.000000	7.264535
575.000000	7.264314
576.000000	7.264232
577.000000	7.264047
578.000000	7.263870
579.000000	7.263786
580.000000	7.263628
581.000000	7.263496
582.000000	7.263352
583.000000	7.263170
584.000000	7.263088
585.000000	7.263012
586.000000	7.262744
587.000000	7.262658
588.000000	7.262502
589.000000	7.262405
590.000000	7.262219
591.000000	7.262110
592.000000	7.262001
593.000000	7.261823
594.000000	7.261784
595.000000	7.261522
596.000000	7.261411
597.000000	7.261237
598.000000	7.261210
599.000000	7.260996
600.000000	7.260682
601.000000	7.260522
602.000000	7.260491
603.000000	7.260290
604.000000	7.260111
605.000000	7.259944
606.000000	7.259893
607.000000	7.259632
608.000000	7.259443
609.000000	7.259245
610.000000	7.259122
611.000000	7.258919
612.000000	7.258827
613.000000	7.258755
614.000000	7.258548
615.000000	7.258429
616.000000	7.258375
617.000000	7.258155
618.000000	7.258032
619.000000	7.257831
620.000000	7.257681
621.000000	7.257578
622.000000	7.257430
623.000000	7.257404
624.000000	7.257091
625.000000	7.257029
626.000000	7.256789
627.000000	7.256599
628.000000	7.256495
629.000000	7.256389
630.000000	7.256226
631.000000	7.256087
632.000000	7.255931
633.000000	7.255910
634.000000	7.255714
635.000000	7.255621
636.000000	7.255577
637.000000	7.255388
638.000000	7.255322
639.000000	7.255158
640.000000	7.255045
641.000000	7.254910
642.000000	7.254737
643.000000	7.254683
644.000000	7.254542
645.000000	7.254410
646.000000	7.254260
647.000000	7.254113
648.000000	7.253929
649.000000	7.253841
650.000000	7.253685
651.000000	7.253595
652.000000	7.253412
653.000000	7.253381
654.000000	7.253211
655.000000	7.253117
656.000000	7.253006
657.000000	7.252941
658.000000	7.252803
659.000000	7.252574
660.000000	7.252539
661.000000	7.252338
662.000000	7.252246
663.000000	7.252026
664.000000	7.251883
665.000000	7.251804
666.000000	7.251619
667.000000	7.251500
668.000000	7.251401
669.000000	7.251247
670.000000	7.251149
671.000000	7.251042
672.000000	7.250744
673.000000	7.250590
674.000000	7.250485
675.000000	7.250350
676.000000	7.250123
677.000000	7.250061
678.000000	7.249887
679.000000	7.249823
680.000000	7.249686
681.000000	7.249538
682.000000	7.249448
683.000000	7.249406
684.000000	7.249318
685.000000	7.249131
686.000000	7.249022
687.000000	7.249022
688.000000	7.248872
689.000000	7.248669
690.000000	7.248532
691.000000	7.248463
692.000000	7.248356
693.000000	7.248180
694.000000	7.248244
695.000000	7.248086
696.000000	7.247930
697.000000	7.247911
698.000000	7.247808
699.000000	7.247533
700.000000	7.247448
701.000000	7.247331
702.000000	7.247231
703.000000	7.247116
704.000000	7.247091
705.000000	7.246944
706.000000	7.246907
707.000000	7.246753
708.000000	7.246730
709.000000	7.246550
710.000000	7.246504
711.000000	7.246376
712.000000	7.246247
713.000000	7.246239
714.000000	7.246062
715.000000	7.246028
716.000000	7.245931
717.000000	7.245933
718.000000	7.245796
719.000000	7.245773
720.000000	7.258854
721.000000	7.317264
722.000000	7.465038
723.000000	7.685414
724.000000	7.837122
725.000000	7.945289
726.000000	8.027335
727.000000	8.091047
728.000000	8.140825
729.000000	8.179619
730.000000	8.209599
731.000000	8.232699
732.000000	8.250419
733.000000	8.264035
734.000000	8.274507
735.000000	8.282403
736.000000	8.288466
737.000000	8.293059
738.000000	8.296475
739.000000	8.299002
740.000000	8.300941
741.000000	8.302437
742.000000	8.303408
743.000000	8.304056
744.000000	8.304513
745.000000	8.304812
746.000000	8.304925
747.000000	8.304997
748.000000	8.304948
749.000000	8.304850
750.000000	8.304783
751.000000	8.304685
752.000000	8.304468
753.000000	8.304181
754.000000	8.303938
755.000000	8.303743
756.000000	8.303540
757.000000	8.303330
758.000000	8.303144
759.000000	8.302940
760.000000	8.302788
761.000000	8.302539
762.000000	8.302369
763.000000	8.302138
764.000000	8.302095
765.000000	8.301843
766.000000	8.301646
767.000000	8.301599
768.000000	8.301318
769.000000	8.301139
770.000000	8.301011
771.000000	8.300966
772.000000	8.300732
773.000000	8.300611
774.000000	8.300475
775.000000	8.300359
776.000000	8.300266
777.000000	8.300109
778.000000	8.300056
779.000000	8.299881
780.000000	8.299838
781.000000	8.299707
782.000000	8.299494
783.000000	8.299360
784.000000	8.299236
785.000000	8.299209
786.000000	8.299152
787.000000	8.298893
788.000000	8.298782
789.000000	8.298664
790.000000	8.298564
791.000000	8.298493
792.000000	8.298381
793.000000	8.298330
794.000000	8.298252
795.000000	8.298131
796.000000	8.298037
797.000000	8.297969
798.000000	8.297881
799.000000	8.297854
800.000000	8.297795
801.000000	8.297652
802.000000	8.297679
803.000000	8.297570
804.000000	8.297575
805.000000	8.297432
806.000000	8.297342
807.000000	8.297254
808.000000	8.297299
809.000000	8.297139
810.000000	8.297067
811.000000	8.297092
812.000000	8.296988
813.000000	8.297034
814.000000	8.296850
815.000000	8.296838
816.000000	8.296717
817.000000	8.296658
818.000000	8.296685
819.000000	8.296525
820.000000	8.296459
821.000000	8.296479
822.000000	8.296379
823.000000	8.296313
824.000000	8.296233
825.000000	8.296326
826.000000	8.296211
827.000000	8.296073
828.000000	8.296133
829.000000	8.296090
830.000000	8.295998
831.000000	8.295873
832.000000	8.295969
833.000000	8.295795
834.000000	8.295744
835.000000	8.295764
836.000000	8.295779
837.000000	8.295641
838.000000	8.295530
839.000000	8.295537
840.000000	8.295510
841.000000	8.295463
842.000000	8.295430
843.000000	8.295385
844.000000	8.295336
845.000000	8.295418
846.000000	8.295264
847.000000	8.295221
848.000000	8.295212
849.000000	8.295177
850.000000	8.295173
851.000000	8.295120
852.000000	8.295053
853.000000	8.295016
854.000000	8.295025
855.000000	8.295004
856.000000	8.294891
857.000000	8.294856
858.000000	8.294881
859.000000	8.294821
860.000000	8.294821
861.000000	8.294709
862.000000	8.294704
863.000000	8.294692
864.000000	8.294674
865.000000	8.294645
866.000000	8.294635
867.000000	8.294598
868.000000	8.294661
869.000000	8.294641
870.000000	8.294471
871.000000	8.294417
872.000000	8.294448
873.000000	8.294481
874.000000	8.294403
875.000000	8.294308
876.000000	8.294298
877.000000	8.294341
878.000000	8.294270
879.000000	8.294245
880.000000	8.294326
881.000000	8.294434
882.000000	8.294253
883.000000	8.294209
884.000000	8.294225
885.000000	8.294109
886.000000	8.294079
887.000000	8.294097
888.000000	8.294083
889.000000	8.294120
890.000000	8.294100
891.000000	8.294041
892.000000	8.294085
893.000000	8.294022
894.000000	8.294045
895.000000	8.401221
896.000000	8.717532
897.000000	9.009896
898.000000	9.188430
899.000000	9.259650
900.000000	9.290069
901.000000	9.303419
902.000000	9.309257
903.000000	9.311890
904.000000	9.313094
905.000000	9.313577
906.000000	9.313961
907.000000	9.314169
908.000000	9.314243
909.000000	9.314180
910.000000	9.314148
911.000000	9.314138
912.000000	9.314156
913.000000	9.314170
914.000000	9.314061
915.000000	9.314106
916.000000	9.314016
917.000000	9.314001
918.000000	9.313898
919.000000	9.313874
920.000000	9.313860
921.000000	9.313807
922.000000	9.313745
923.000000	9.313683
924.000000	9.313663
925.000000	9.313753
926.000000	9.313714
927.000000	9.313616
928.000000	9.313616
929.000000	9.313583
930.000000	9.313527
931.000000	9.313472
932.000000	9.313507
933.000000	9.313712
934.000000	9.313546
935.000000	9.313548
936.000000	9.313560
937.000000	9.313544
938.000000	9.313628
939.000000	9.313532
940.000000	9.313526
941.000000	9.313562
942.000000	9.313700
943.000000	9.313573
944.000000	9.313612
945.000000	9.313577
946.000000	9.313509
947.000000	9.313454
948.000000	9.313460
949.000000	9.313466
950.000000	9.313433
951.000000	9.313501
952.000000	9.313446
953.000000	9.313472
954.000000	9.313482
955.000000	9.313478
956.000000	9.313489
957.000000	9.313450
958.000000	9.313562
959.000000	9.313526
960.000000	9.313491
961.000000	9.313499
962.000000	9.313505
963.000000	9.313583
964.000000	9.313544
965.000000	9.313495
966.000000	9.313503
967.000000	9.313486
968.000000	9.313507
969.000000	9.313534
970.000000	9.313478
971.000000	9.313544
972.000000	9.313595
973.000000	9.313532
974.000000	9.313628
975.000000	9.313548
976.000000	9.313558
977.000000	9.313521
978.000000	9.313603
979.000000	9.313569
980.000000	9.313768
981.000000	9.313704
982.000000	9.313727
983.000000	9.313591
984.000000	9.313577
985.000000	9.313571
986.000000	9.313601
987.000000	9.313632
988.000000	9.313589
989.000000	9.313591
990.000000	9.313692
991.000000	9.313620
992.000000	9.313677
993.000000	9.313585
994.000000	9.313618
995.000000	9.313659
996.000000	9.313727
997.000000	9.313698
998.000000	9.313714
999.000000	9.313700
1000.000000	9.313784
1001.000000	9.313807
1002.000000	9.313698
1003.000000	9.313807
1004.000000	9.313745
1005.000000	9.313804
1006.000000	9.313755
1007.000000	9.313823
1008.000000	9.313766
1009.000000	9.313710
1010.000000	9.347902
1011.000000	9.430751
1012.000000	9.555445
1013.000000	9.685658
1014.000000	9.707953
1015.000000	9.711557
1016.000000	9.712187
1017.000000	9.712384
1018.000000	9.712486
1019.000000	9.712607
1020.000000	9.712840
1021.000000	9.712875
1022.000000	9.712894
1023.000000	9.712947
1024.000000	9.713017
1025.000000	9.713074
1026.000000	9.713103
1027.000000	9.713146
1028.000000	9.713158
1029.000000	9.713240
1030.000000	9.713222
1031.000000	9.713370
1032.000000	9.713244
1033.000000	9.713446
1034.000000	9.713459
1035.000000	9.713413
1036.000000	9.713555
1037.000000	9.713433
1038.000000	9.713428
1039.000000	9.713486
1040.000000	9.713449
1041.000000	9.713457
1042.000000	9.713450
1043.000000	9.713454
1044.000000	9.713492
1045.000000	9.713541
1046.000000	9.713484
1047.000000	9.713631
1048.000000	9.713551
1049.000000	9.713578
1050.000000	9.713611
1051.000000	9.713603
1052.000000	9.713654
1053.000000	9.713570
1054.000000	9.713660
1055.000000	9.713643
1056.000000	9.713693
1057.000000	9.713695
1058.000000	9.713783
1059.000000	9.713884
1060.000000	9.713836
1061.000000	9.713888
1062.000000	9.713880
1063.000000	9.713906
1064.000000	9.714060
1065.000000	9.713943
1066.000000	9.714040
1067.000000	9.713945
1068.000000	9.714103
1069.000000	9.713986
1070.000000	9.714161
1071.000000	9.713970
1072.000000	9.714013
1073.000000	9.714146
1074.000000	9.714050
1075.000000	9.714099
1076.000000	9.714087
1077.000000	9.714154
1078.000000	9.714097
1079.000000	9.714208
1080.000000	9.714269
1081.000000	9.714140
1082.000000	9.714138
1083.000000	9.714222
1084.000000	9.714232
1085.000000	9.714307
1086.000000	9.714224
1087.000000	9.714234
1088.000000	9.714263
1089.000000	9.714241
1090.000000	9.714239
1091.000000	9.714229
1092.000000	9.714243
1093.000000	9.714214
1094.000000	9.714200
1095.000000	9.714201
1096.000000	9.714259
1097.000000	9.714296
1098.000000	9.714363
1099.000000	9.714282
1100.000000	9.714345
1101.000000	9.714347
1102.000000	9.714422
1103.000000	9.714302
1104.000000	9.714335
1105.000000	9.714396
1106.000000	9.714424
1107.000000	9.714449
1108.000000	9.714521
1109.000000	9.714512
1110.000000	9.714605
1111.000000	9.714553
1112.000000	9.714586
1113.000000	9.714654
1114.000000	9.714660
1115.000000	9.714693
1116.000000	9.714755
1117.000000	9.714711
1118.000000	9.714794
1119.000000	9.714855
1120.000000	9.714874
1121.000000	9.714921
1122.000000	9.714904
1123.000000	9.714853
1124.000000	9.714941
1125.000000	9.714870
1126.000000	9.714937
1127.000000	9.714954
1128.000000	9.714954
1129.000000	9.714999
1130.000000	9.714999
1131.000000	9.715118
1132.000000	9.715146
1133.000000	9.715099
1134.000000	9.715142
1135.000000	9.715157
1136.000000	9.715220
1137.000000	9.715288
1138.000000	9.715277
1139.000000	9.715240
1140.000000	9.715249
1141.000000	9.715464
1142.000000	9.715464
1143.000000	9.715351
1144.000000	9.715525
1145.000000	9.715449
1146.000000	9.715638
1147.000000	9.715500
1148.000000	9.715535
1149.000000	9.715517
1150.000000	9.715623
1151.000000	9.715548
1152.000000	9.715552
1153.000000	9.715550
1154.000000	9.715743
1155.000000	9.715611
1156.000000	9.715814
1157.000000	9.715847
1158.000000	9.715743
1159.000000	9.715724
1160.000000	9.715849
1161.000000	9.715761
1162.000000	9.715769
1163.000000	9.715896
1164.000000	9.715810
1165.000000	9.715864
1166.000000	9.715820
1167.000000	9.715886
1168.000000	9.715907
1169.000000	9.715968
1170.000000	9.716087
1171.000000	9.716115
1172.000000	9.716077
1173.000000	9.688080
1174.000000	9.562280
1175.000000	9.451120
1176.000000	9.379028
1177.000000	9.345148
1178.000000	9.329653
1179.000000	9.322527
1180.000000	9.319310
1181.000000	9.317704
1182.000000	9.316922
1183.000000	9.316547
1184.000000	9.316325
1185.000000	9.316202
1186.000000	9.316089
1187.000000	9.316046
1188.000000	9.316030
1189.000000	9.316161
1190.000000	9.315952
1191.000000	9.315976
1192.000000	9.315913
1193.000000	9.315907
1194.000000	9.316061
1195.000000	9.315869
1196.000000	9.315837
1197.000000	9.315902
1198.000000	9.315845
1199.000000	9.315833
1200.000000	9.315855
1201.000000	9.315865
1202.000000	9.315871
1203.000000	9.315988
1204.000000	9.316007
1205.000000	9.315933
1206.000000	9.315937
1207.000000	9.316079
1208.000000	9.316071
1209.000000	9.316143
1210.000000	9.315966
1211.000000	9.315997
1212.000000	9.316040
1213.000000	9.316132
1214.000000	9.316033
1215.000000	9.315994
1216.000000	9.315972
1217.000000	9.316112
1218.000000	9.316017
1219.000000	9.316063
1220.000000	9.316153
1221.000000	9.316017
1222.000000	9.316095
1223.000000	9.316031
1224.000000	9.316047
1225.000000	9.316019
1226.000000	9.316180
1227.000000	9.316104
1228.000000	9.316073
1229.000000	9.316011
1230.000000	9.315960
1231.000000	9.315958
1232.000000	9.315905
1233.000000	9.315795
1234.000000	9.315968
1235.000000	9.315757
1236.000000	9.315772
1237.000000	9.315815
1238.000000	9.315777
1239.000000	9.315903
1240.000000	9.315860
1241.000000	9.315978
1242.000000	9.316073
1243.000000	9.316044
1244.000000	9.316126
1245.000000	9.316077
1246.000000	9.316239
1247.000000	9.316221
1248.000000	9.316182
1249.000000	9.316235
1250.000000	9.316204
1251.000000	9.316309
1252.000000	9.316268
1253.000000	9.316446
1254.000000	9.316251
1255.000000	9.316305
1256.000000	9.316300
1257.000000	9.316350
1258.000000	9.316311
1259.000000	9.316327
1260.000000	9.316389
1261.000000	9.316311
1262.000000	9.316335
1263.000000	9.316282
1264.000000	9.316340
1265.000000	9.316467
1266.000000	9.316309
1267.000000	9.316397
1268.000000	9.316331
1269.000000	9.316311
1270.000000	9.316315
1271.000000	9.316383
1272.000000	9.316319
1273.000000	9.316393
1274.000000	9.316479
1275.000000	9.316305
1276.000000	9.316276
1277.000000	9.316266
1278.000000	9.316335
1279.000000	9.316393
1280.000000	9.316354
1281.000000	9.316231
1282.000000	9.316233
1283.000000	9.316243
1284.000000	9.316329
1285.000000	9.316268
1286.000000	9.316268
1287.000000	9.315849
1288.000000	9.237160
1289.000000	9.069637
1290.000000	8.901843
1291.000000	8.768912
1292.000000	8.664063
1293.000000	8.581460
1294.000000	8.516817
1295.000000	8.465994
1296.000000	8.426097
1297.000000	8.395058
1298.000000	8.370726
1299.000000	8.351877
1300.000000	8.337143
1301.000000	8.325586
1302.000000	8.316632
1303.000000	8.309660
1304.000000	8.304388
1305.000000	8.300017
1306.000000	8.296812
1307.000000	8.294210
1308.000000	8.292194
1309.000000	8.290687
1310.000000	8.289542
1311.000000	8.288605
1312.000000	8.287922
1313.000000	8.287388
1314.000000	8.286954
1315.000000	8.286576
1316.000000	8.286375
1317.000000	8.286406
1318.000000	8.286180
1319.000000	8.286015
1320.000000	8.285839
1321.000000	8.285789
1322.000000	8.285748
1323.000000	8.285699
1324.000000	8.285637
1325.000000	8.285658
1326.000000	8.285660
1327.000000	8.285598
1328.000000	8.285658
1329.000000	8.285621
1330.000000	8.285576
1331.000000	8.285646
1332.000000	8.285627
1333.000000	8.285652
1334.000000	8.285619
1335.000000	8.285635
1336.000000	8.285703
1337.000000	8.285605
1338.000000	8.285736
1339.000000	8.285547
1340.000000	8.285586
1341.000000	8.285660
1342.000000	8.285627
1343.000000	8.285621
1344.000000	8.285572
1345.000000	8.285557
1346.000000	8.285720
1347.000000	8.285537
1348.000000	8.285551
1349.000000	8.285642
1350.000000	8.285527
1351.000000	8.285570
1352.000000	8.285537
1353.000000	8.285557
1354.000000	8.285646
1355.000000	8.285490
1356.000000	8.285676
1357.000000	8.285524
1358.000000	8.285467
1359.000000	8.285481
1360.000000	8.285416
1361.000000	8.285529
1362.000000	8.285424
1363.000000	8.285527
1364.000000	8.285384
1365.000000	8.285418
1366.000000	8.285391
1367.000000	8.285353
1368.000000	8.285450
1369.000000	8.285379
1370.000000	8.285328
1371.000000	8.285322
1372.000000	8.285408
1373.000000	8.285233
1374.000000	8.285322
1375.000000	8.285294
1376.000000	8.285233
1377.000000	8.285164
1378.000000	8.285283
1379.000000	8.285093
1380.000000	8.285115
1381.000000	8.285123
1382.000000	8.285134
1383.000000	8.285129
1384.000000	8.285011
1385.000000	8.285047
1386.000000	8.285043
1387.000000	8.285070
1388.000000	8.284998
1389.000000	8.285075
1390.000000	8.284959
1391.000000	8.284972
1392.000000	8.284957
1393.000000	8.284951
1394.000000	8.284906
1395.000000	8.284898
1396.000000	8.285072
1397.000000	8.284885
1398.000000	8.284850
1399.000000	8.284908
1400.000000	8.285070
1401.000000	8.231537
1402.000000	8.136163
1403.000000	8.042775
1404.000000	7.956282
1405.000000	7.879858
1406.000000	7.811494
1407.000000	7.750047
1408.000000	7.694666
1409.000000	7.644737
1410.000000	7.599666
1411.000000	7.558863
1412.000000	7.521937
1413.000000	7.488432
1414.000000	7.458233
1415.000000	7.430708
1416.000000	7.405776
1417.000000	7.383080
1418.000000	7.362552
1419.000000	7.343877
1420.000000	7.326880
1421.000000	7.311499
1422.000000	7.297512
1423.000000	7.284854
1424.000000	7.273245
1425.000000	7.262800
1426.000000	7.253336
1427.000000	7.244753
1428.000000	7.236913
1429.000000	7.229794
1430.000000	7.223375
1431.000000	7.217570
1432.000000	7.212221
1433.000000	7.207582
1434.000000	7.203312
1435.000000	7.199483
1436.000000	7.195895
1437.000000	7.192833
1438.000000	7.189968
1439.000000	7.187486
1440.000000	7.185204
1441.000000	7.183215
1442.000000	7.181393
1443.000000	7.179906
1444.000000	7.178413
1445.000000	7.177163
1446.000000	7.176054
1447.000000	7.175073
1448.000000	7.174248
1449.000000	7.173578
1450.000000	7.172953
1451.000000	7.172416
1452.000000	7.171981
1453.000000	7.171529
1454.000000	7.171293
1455.000000	7.171028
1456.000000	7.170949
1457.000000	7.170684
1458.000000	7.170617
1459.000000	7.170494
1460.000000	7.170467
1461.000000	7.170459
1462.000000	7.170475
1463.000000	7.170580
1464.000000	7.170653
1465.000000	7.170863
1466.000000	7.170923
1467.000000	7.171119
1468.000000	7.171248
1469.000000	7.171539
1470.000000	7.171671
1471.000000	7.171897
1472.000000	7.172125
1473.000000	7.172398
1474.000000	7.172533
1475.000000	7.172760
1476.000000	7.172944
1477.000000	7.173202
1478.000000	7.173523
1479.000000	7.173627
1480.000000	7.173809
1481.000000	7.174183
1482.000000	7.174226
1483.000000	7.174580
1484.000000	7.174596
1485.000000	7.174836
1486.000000	7.175009
1487.000000	7.175393
1488.000000	7.175428
1489.000000	7.175636
1490.000000	7.175941
1491.000000	7.175999
1492.000000	7.176296
1493.000000	7.176412
1494.000000	7.176589
1495.000000	7.176940
1496.000000	7.176962
1497.000000	7.177144
1498.000000	7.177345
1499.000000	7.177517
1500.000000	7.177804
1501.000000	7.177895
1502.000000	7.178123
1503.000000	7.178240
1504.000000	7.178443
1505.000000	7.178577
1506.000000	7.178796
1507.000000	7.178896
1508.000000	7.179175
1509.000000	7.179183
1510.000000	7.179468
1511.000000	7.179621
1512.000000	7.179726
1513.000000	7.179820
1514.000000	7.179950
1515.000000	7.180130
1516.000000	7.180376
1517.000000	7.180440
1518.000000	7.180580
1519.000000	7.180687
1520.000000	7.180870
1521.000000	7.181034
1522.000000	7.181109
1523.000000	7.181350
1524.000000	7.181393
1525.000000	7.181499
1526.000000	7.181626
1527.000000	7.181815
1528.000000	7.181932
1529.000000	7.182047
1530.000000	7.182124
1531.000000	7.182180
1532.000000	7.182536
1533.000000	7.182595
1534.000000	7.182428
1535.000000	7.163605
1536.000000	7.136562
1537.000000	7.111115
1538.000000	7.089087
1539.000000	7.068854
1540.000000	7.050061
1541.000000	7.032748
1542.000000	7.016538
1543.000000	7.001268
1544.000000	6.987046
1545.000000	6.973672
1546.000000	6.961215
1547.000000	6.949354
1548.000000	6.938348
1549.000000	6.928126
1550.000000	6.918406
1551.000000	6.909393
1552.000000	6.900938
1553.000000	6.893046
1554.000000	6.885723
1555.000000	6.878808
1556.000000	6.872385
1557.000000	6.866425
1558.000000	6.860838
1559.000000	6.855655
1560.000000	6.850851
1561.000000	6.846488
1562.000000	6.842217
1563.000000	6.838343
1564.000000	6.834800
1565.000000	6.831446
1566.000000	6.828442
1567.000000	6.825732
1568.000000	6.823055
1569.000000	6.820766
1570.000000	6.818463
1571.000000	6.816475
1572.000000	6.814667
1573.000000	6.813015
1574.000000	6.811419
1575.000000	6.810142
1576.000000	6.808844
1577.000000	6.807790
1578.000000	6.806748
1579.000000	6.805895
1580.000000	6.805151
1581.000000	6.804423
1582.000000	6.803761
1583.000000	6.803327
1584.000000	6.802899
1585.000000	6.802520
1586.000000	6.802307
1587.000000	6.802075
1588.000000	6.801950
1589.000000	6.801834
1590.000000	6.801771
1591.000000	6.801829
1592.000000	6.801805
1593.000000	6.802019
1594.000000	6.802009
1595.000000	6.802130
1596.000000	6.802600
1597.000000	6.802752
1598.000000	6.802974
1599.000000	6.803346
1600.000000	6.803640
1601.000000	6.803995
1602.000000	6.804196
1603.000000	6.804528
1604.000000	6.804930
1605.000000	6.805297
1606.000000	6.805739
1607.000000	6.806166
1608.000000	6.806612
1609.000000	6.807106
1610.000000	6.807584
1611.000000	6.808046
1612.000000	6.808504
1613.000000	6.809123
1614.000000	6.809605
1615.000000	6.810187
1616.000000	6.810567
1617.000000	6.811054
1618.000000	6.811576
1619.000000	6.812218
1620.000000	6.812632
1621.000000	6.813241
1622.000000	6.813718
1623.000000	6.814247
1624.000000	6.814776
1625.000000	6.815271
1626.000000	6.815797
1627.000000	6.816323
1628.000000	6.816866
1629.000000	6.817340
1630.000000	6.818020
1631.000000	6.818418
1632.000000	6.818848
1633.000000	6.819439
1634.000000	6.819949
1635.000000	6.820424
1636.000000	6.820954
1637.000000	6.821493
1638.000000	6.821898
1639.000000	6.822437
1640.000000	6.822937
1641.000000	6.823371
1642.000000	6.823920
1643.000000	6.824353
1644.000000	6.824815
1645.000000	6.825345
1646.000000	6.825758
1647.000000	6.826229
1648.000000	6.826665
1649.000000	6.827204
1650.000000	6.827580
1651.000000	6.827975
1652.000000	6.828608
1653.000000	6.828858
1654.000000	6.829448
1655.000000	6.829786
1656.000000	6.830290
1657.000000	6.830596
1658.000000	6.830995
1659.000000	6.831459
1660.000000	6.831822
1661.000000	6.832289
1662.000000	6.832658
1663.000000	6.833002
1664.000000	6.833443
1665.000000	6.833813
1666.000000	6.834199
1667.000000	6.834515
1668.000000	6.834916
1669.000000	6.835300
1670.000000	6.835668
1671.000000	6.836185
1672.000000	6.836426
1673.000000	6.836851
1674.000000	6.837269
1675.000000	6.837589
1676.000000	6.837927
1677.000000	6.838331
1678.000000	6.838630
1679.000000	6.838954
1680.000000	6.839335
1681.000000	6.839803
1682.000000	6.839991
1683.000000	6.840372
1684.000000	6.840708
1685.000000	6.840944
1686.000000	6.841262
1687.000000	6.841582
1688.000000	6.841979
1689.000000	6.842278
1690.000000	6.842654
1691.000000	6.842871
1692.000000	6.843360
1693.000000	6.843504
1694.000000	6.843829
1695.000000	6.844018
1696.000000	6.844558
1697.000000	6.844635
1698.000000	6.844893
1699.000000	6.845175
1700.000000	6.845582
1701.000000	6.845943
1702.000000	6.846146
1703.000000	6.846339
1704.000000	6.846754
1705.000000	6.846861
1706.000000	6.847134
1707.000000	6.847418
1708.000000	6.847717
1709.000000	6.847909
1710.000000	6.848197
1711.000000	6.848418
1712.000000	6.848726
1713.000000	6.849094
1714.000000	6.849330
1715.000000	6.849490
1716.000000	6.849768
1717.000000	6.850010
1718.000000	6.850390
1719.000000	6.850472
1720.000000	6.850656
1721.000000	6.850886
1722.000000	6.851087
1723.000000	6.851280
1724.000000	6.851591
1725.000000	6.851814
1726.000000	6.844227
1727.000000	6.834554
1728.000000	6.826577
1729.000000	6.819885
1730.000000	6.813747
1731.000000	6.808160
1732.000000	6.802950
1733.000000	6.797605
1734.000000	6.792733
1735.000000	6.788272
1736.000000	6.784003
1737.000000	6.780228
1738.000000	6.776458
1739.000000	6.773137
1740.000000	6.769982
1741.000000	6.767126
1742.000000	6.764481
1743.000000	6.762042
1744.000000	6.759840
1745.000000	6.757730
1746.000000	6.755853
1747.000000	6.754119
1748.000000	6.752620
1749.000000	6.751223
1750.000000	6.749966
1751.000000	6.748878
1752.000000	6.748022
1753.000000	6.747258
1754.000000	6.746365
1755.000000	6.745925
1756.000000	6.745240
1757.000000	6.744895
1758.000000	6.744631
1759.000000	6.744320
1760.000000	6.744275
1761.000000	6.744156
1762.000000	6.744131
1763.000000	6.744205
1764.000000	6.744466
1765.000000	6.744637
1766.000000	6.744877
1767.000000	6.745203
1768.000000	6.745631
1769.000000	6.745972
1770.000000	6.746520
1771.000000	6.746945
1772.000000	6.747459
1773.000000	6.747999
1774.000000	6.748570
1775.000000	6.749251
1776.000000	6.749813
1777.000000	6.750460
1778.000000	6.751088
1779.000000	6.751833
1780.000000	6.752627
1781.000000	6.753268
1782.000000	6.754039
1783.000000	6.754844
1784.000000	6.755537
1785.000000	6.756238
1786.000000	6.757025
1787.000000	6.757748
1788.000000	6.758566
1789.000000	6.759283
1790.000000	6.760027
1791.000000	6.760834
1792.000000	6.761632
1793.000000	6.762501
1794.000000	6.763300
1795.000000	6.764206
1796.000000	6.764903
1797.000000	6.765750
1798.000000	6.766654
1799.000000	6.767340
1800.000000	6.768190
1801.000000	6.769164
1802.000000	6.769824
1803.000000	6.770649
1804.000000	6.771444
1805.000000	6.772379
1806.000000	6.773052
1807.000000	6.773839
1808.000000	6.774604
1809.000000	6.775323
1810.000000	6.776101
1811.000000	6.776888
1812.000000	6.777534
1813.000000	6.778254
1814.000000	6.778946
1815.000000	6.779692
1816.000000	6.780363
1817.000000	6.781051
1818.000000	6.781752
1819.000000	6.782660
1820.000000	6.783353
1821.000000	6.783952
1822.000000	6.784613
1823.000000	6.785318
1824.000000	6.785980
1825.000000	6.786656
1826.000000	6.787259
1827.000000	6.788005
1828.000000	6.788634
1829.000000	6.789293
1830.000000	6.790073
1831.000000	6.790598
1832.000000	6.791222
1833.000000	6.791966
1834.000000	6.792473
1835.000000	6.793147
1836.000000	6.793752
1837.000000	6.794365
1838.000000	6.794975
1839.000000	6.795608
1840.000000	6.796097
1841.000000	6.796596
1842.000000	6.797099
1843.000000	6.797734
1844.000000	6.798281
1845.000000	6.798781
1846.000000	6.799285
1847.000000	6.799716
1848.000000	6.800254
1849.000000	6.800681
1850.000000	6.801144
1851.000000	6.801781
1852.000000	6.802032
1853.000000	6.802583
1854.000000	6.802925
1855.000000	6.803571
1856.000000	6.803858
1857.000000	6.804437
1858.000000	6.804864
1859.000000	6.805344
1860.000000	6.805830
1861.000000	6.806275
1862.000000	6.806731
1863.000000	6.807192
1864.000000	6.807719
1865.000000	6.808117
1866.000000	6.808559
1867.000000	6.809028
1868.000000	6.809285
1869.000000	6.809701
1870.000000	6.810115
1871.000000	6.810615
1872.000000	6.810883
1873.000000	6.811451
1874.000000	6.811659
1875.000000	6.812184
1876.000000	6.812447
1877.000000	6.812753
1878.000000	6.813046
1879.000000	6.813414
1880.000000	6.813837
1881.000000	6.814109
1882.000000	6.814696
1883.000000	6.817412
1884.000000	6.822361
1885.000000	6.828700
1886.000000	6.836076
1887.000000	6.844427
1888.000000	6.853642
1889.000000	6.863238
1890.000000	6.873457
1891.000000	6.883983
1892.000000	6.895614
1893.000000	6.907773
1894.000000	7.684773
1895.000000	10.044560
1896.000000	10.043830
1897.000000	10.043399
1898.000000	10.043080
1899.000000	10.042797
1900.000000	10.042526
1901.000000	10.042250
1902.000000	10.041813
1903.000000	10.041571
1904.000000	10.040597
1905.000000	10.041392
1906.000000	10.041148
1907.000000	10.041121
1908.000000	10.040737
1909.000000	10.040527
1910.000000	10.040477
1911.000000	10.040223
1912.000000	10.040067
1913.000000	10.039913
1914.000000	10.039762
1915.000000	10.039603
1916.000000	10.039383
1917.000000	10.039319
1918.000000	10.039258
1919.000000	10.039217
1920.000000	10.038992
1921.000000	10.038987
1922.000000	10.038795
1923.000000	10.038790
1924.000000	10.038672
1925.000000	10.038506
1926.000000	10.038585
1927.000000	10.038256
1928.000000	10.038233
1929.000000	10.038088
1930.000000	10.037874
1931.000000	10.037893
1932.000000	10.037991
1933.000000	10.037778
1934.000000	10.038003
1935.000000	10.037778
1936.000000	10.037805
1937.000000	10.037707
1938.000000	10.037719
1939.000000	10.038075
1940.000000	10.038450
1941.000000	10.038418
1942.000000	10.038520
1943.000000	10.038516
1944.000000	10.038592
1945.000000	10.038561
1946.000000	10.038617
1947.000000	10.038475
1948.000000	10.038443
1949.000000	10.038485
1950.000000	10.038429
1951.000000	10.038143
1952.000000	10.037270
1953.000000	10.037055
1954.000000	10.037036
1955.000000	10.035242
1956.000000	10.037666
1957.000000	10.036848
1958.000000	10.036735
1959.000000	10.037959
1960.000000	10.036982
1961.000000	10.036934
1962.000000	10.036766
1963.000000	10.040416
1964.000000	10.036866
1965.000000	10.036871
1966.000000	10.036840
1967.000000	10.036825
1968.000000	10.036721
1969.000000	11.021203
1970.000000	9.993098
1971.000000	9.429560
1972.000000	7.473846
1973.000000	6.734220
1974.000000	6.443405
1975.000000	6.301999
1976.000000	6.224222
1977.000000	6.176845
1978.000000	6.144793
1979.000000	6.121210
1980.000000	6.102410
1981.000000	6.086574
1982.000000	6.072458
