0.000000	0.615932
1.000000	0.611609
2.000000	0.607390
3.000000	0.603305
4.000000	0.599344
5.000000	0.595459
6.000000	0.591617
7.000000	0.588086
8.000000	0.584510
9.000000	0.581087
10.000000	0.577575
11.000000	0.574238
12.000000	0.570952
13.000000	0.567733
14.000000	0.564646
15.000000	0.561586
16.000000	0.558383
17.000000	0.555422
18.000000	0.552364
19.000000	0.549364
20.000000	0.546489
21.000000	0.543545
22.000000	0.540733
23.000000	0.538161
24.000000	0.535779
25.000000	0.533449
26.000000	0.531233
27.000000	0.529065
28.000000	0.527102
29.000000	0.524886
30.000000	0.522765
31.000000	0.520636
32.000000	0.518522
33.000000	0.516380
34.000000	0.514278
35.000000	0.512248
36.000000	0.510275
37.000000	0.508267
38.000000	0.506307
39.000000	0.504391
40.000000	0.502348
41.000000	0.500517
42.000000	0.498567
43.000000	0.496773
44.000000	0.494935
45.000000	0.493042
46.000000	0.491360
47.000000	0.489433
48.000000	0.487756
49.000000	0.485876
50.000000	0.484131
51.000000	0.482443
52.000000	0.480541
53.000000	0.478849
54.000000	0.477055
55.000000	0.475322
56.000000	0.473558
57.000000	0.471804
58.000000	0.470092
59.000000	0.468380
60.000000	0.466752
61.000000	0.465175
62.000000	0.463614
63.000000	0.462138
64.000000	0.460651
65.000000	0.459232
66.000000	0.457829
67.000000	0.456474
68.000000	0.454900
69.000000	0.453366
70.000000	0.451793
71.000000	0.450109
72.000000	0.448486
73.000000	0.446852
74.000000	0.445165
75.000000	0.443561
76.000000	0.441954
77.000000	0.440359
78.000000	0.438765
79.000000	0.437139
80.000000	0.435563
81.000000	0.434036
82.000000	0.432602
83.000000	0.431072
84.000000	0.429573
85.000000	0.428195
86.000000	0.426889
87.000000	0.425627
88.000000	0.424393
89.000000	0.423225
90.000000	0.422087
91.000000	0.420975
92.000000	0.419864
93.000000	0.418767
94.000000	0.417586
95.000000	0.416391
96.000000	0.415303
97.000000	0.414178
98.000000	0.413096
99.000000	0.412195
100.000000	0.411313
101.000000	0.410315
102.000000	0.409438
103.000000	0.408474
104.000000	0.407530
105.000000	0.406574
106.000000	0.405678
107.000000	0.404770
108.000000	0.403846
109.000000	0.402961
110.000000	0.402056
111.000000	0.401200
112.000000	0.400323
113.000000	0.399354
114.000000	0.398400
115.000000	0.397249
116.000000	0.396243
117.000000	0.395293
118.000000	0.394387
119.000000	0.393476
120.000000	0.392653
121.000000	0.391652
122.000000	0.390716
123.000000	0.389706
124.000000	0.388669
125.000000	0.387654
126.000000	0.386685
127.000000	0.385650
128.000000	0.384798
129.000000	0.383934
130.000000	0.383074
131.000000	0.382173
132.000000	0.381296
133.000000	0.380547
134.000000	0.379833
135.000000	0.379323
136.000000	0.378713
137.000000	0.378208
138.000000	0.377769
139.000000	0.377339
140.000000	0.376900
141.000000	0.376457
142.000000	0.375881
143.000000	0.375340
144.000000	0.374681
145.000000	0.374102
146.000000	0.373413
147.000000	0.372797
148.000000	0.372210
149.000000	0.371700
150.000000	0.371223
151.000000	0.370663
152.000000	0.370258
153.000000	0.369774
154.000000	0.369326
155.000000	0.368881
156.000000	0.368493
157.000000	0.368113
158.000000	0.367645
159.000000	0.367230
160.000000	0.366930
161.000000	0.366526
162.000000	0.366044
163.000000	0.365671
164.000000	0.365163
165.000000	0.364736
166.000000	0.364328
167.000000	0.363935
168.000000	0.363487
169.000000	0.363099
170.000000	0.362700
171.000000	0.362296
172.000000	0.361909
173.000000	0.361505
174.000000	0.361106
175.000000	0.360758
176.000000	0.360344
177.000000	0.360005
178.000000	0.359642
179.000000	0.359314
180.000000	0.359008
181.000000	0.358633
182.000000	0.358324
183.000000	0.358012
184.000000	0.357698
185.000000	0.357431
186.000000	0.357181
187.000000	0.356905
188.000000	0.356641
189.000000	0.356359
190.000000	0.356114
191.000000	0.355888
192.000000	0.355580
193.000000	0.355285
194.000000	0.355015
195.000000	0.354794
196.000000	0.354507
197.000000	0.354217
198.000000	0.353914
199.000000	0.353641
200.000000	0.353375
201.000000	0.353088
202.000000	0.352876
203.000000	0.352567
204.000000	0.352300
205.000000	0.352037
206.000000	0.351793
207.000000	0.351500
208.000000	0.351236
209.000000	0.350992
210.000000	0.350768
211.000000	0.350481
212.000000	0.350257
213.000000	0.349931
214.000000	0.349616
215.000000	0.349409
216.000000	0.349199
217.000000	0.348986
218.000000	0.348725
219.000000	0.348492
220.000000	0.348242
221.000000	0.348020
222.000000	0.347758
223.000000	0.347522
224.000000	0.347330
225.000000	0.347041
226.000000	0.346804
227.000000	0.346549
228.000000	0.346320
229.000000	0.346118
230.000000	0.345826
231.000000	0.345683
232.000000	0.345384
233.000000	0.345136
234.000000	0.344941
235.000000	0.344693
236.000000	0.344493
237.000000	0.344266
238.000000	0.344053
239.000000	0.343858
240.000000	0.343698
241.000000	0.343546
242.000000	0.343305
243.000000	0.343076
244.000000	0.342915
245.000000	0.342713
246.000000	0.342547
247.000000	0.342296
248.000000	0.342096
249.000000	0.341978
250.000000	0.341824
251.000000	0.341588
252.000000	0.341379
253.000000	0.341231
254.000000	0.341025
255.000000	0.340829
256.000000	0.340655
257.000000	0.340471
258.000000	0.340256
259.000000	0.340091
260.000000	0.339910
261.000000	0.339742
262.000000	0.339589
263.000000	0.339375
264.000000	0.339230
265.000000	0.338984
266.000000	0.338863
267.000000	0.338685
268.000000	0.338475
269.000000	0.338333
270.000000	0.338207
271.000000	0.337987
272.000000	0.337794
273.000000	0.337667
274.000000	0.337502
275.000000	0.337294
276.000000	0.337110
277.000000	0.336955
278.000000	0.336733
279.000000	0.336553
280.000000	0.336348
281.000000	0.336154
282.000000	0.335990
283.000000	0.335811
284.000000	0.335619
285.000000	0.335429
286.000000	0.335278
287.000000	0.335061
288.000000	0.334902
289.000000	0.334715
290.000000	0.334521
291.000000	0.334380
292.000000	0.334201
293.000000	0.334025
294.000000	0.333842
295.000000	0.333697
296.000000	0.333614
297.000000	0.333445
298.000000	0.333234
299.000000	0.333072
300.000000	0.332907
301.000000	0.332750
302.000000	0.332621
303.000000	0.332476
304.000000	0.332395
305.000000	0.332151
306.000000	0.331976
307.000000	0.331817
308.000000	0.331699
309.000000	0.331564
310.000000	0.331395
311.000000	0.331307
312.000000	0.331098
313.000000	0.330943
314.000000	0.330778
315.000000	0.330612
316.000000	0.330463
317.000000	0.330343
318.000000	0.330293
319.000000	0.330095
320.000000	0.329967
321.000000	0.329697
322.000000	0.329512
323.000000	0.329329
324.000000	0.329126
325.000000	0.328954
326.000000	0.328789
327.000000	0.328608
328.000000	0.328410
329.000000	0.328210
330.000000	0.328026
331.000000	0.327850
332.000000	0.327672
333.000000	0.327551
334.000000	0.327428
335.000000	0.327328
336.000000	0.327190
337.000000	0.327066
338.000000	0.326926
339.000000	0.326759
340.000000	0.326611
341.000000	0.326500
342.000000	0.326331
343.000000	0.326164
344.000000	0.326087
345.000000	0.325875
346.000000	0.325679
347.000000	0.325569
348.000000	0.325377
349.000000	0.325221
350.000000	0.325088
351.000000	0.324988
352.000000	0.324921
353.000000	0.324789
354.000000	0.324707
355.000000	0.324574
356.000000	0.324400
357.000000	0.324249
358.000000	0.324085
359.000000	0.323864
360.000000	0.323724
361.000000	0.323484
362.000000	0.323293
363.000000	0.323003
364.000000	0.322759
365.000000	0.322469
366.000000	0.322259
367.000000	0.322054
368.000000	0.321798
369.000000	0.321597
370.000000	0.321361
371.000000	0.321193
372.000000	0.320994
373.000000	0.320786
374.000000	0.320558
375.000000	0.320367
376.000000	0.320130
377.000000	0.319887
378.000000	0.319709
379.000000	0.319538
380.000000	0.319345
381.000000	0.319162
382.000000	0.319031
383.000000	0.318800
384.000000	0.318641
385.000000	0.318487
386.000000	0.318323
387.000000	0.318086
388.000000	0.317888
389.000000	0.317755
390.000000	0.317578
391.000000	0.317390
392.000000	0.317271
393.000000	0.317050
394.000000	0.316985
395.000000	0.316886
396.000000	0.316672
397.000000	0.316545
398.000000	0.316375
399.000000	0.316247
400.000000	0.316146
401.000000	0.315958
402.000000	0.315892
403.000000	0.315692
404.000000	0.315570
405.000000	0.315498
406.000000	0.315375
407.000000	0.315222
408.000000	0.315093
409.000000	0.315474
410.000000	0.316012
411.000000	0.316303
412.000000	0.316434
413.000000	0.316360
414.000000	0.317603
415.000000	0.327656
416.000000	0.340219
417.000000	0.348304
418.000000	0.352887
419.000000	0.355317
420.000000	0.356376
421.000000	0.356550
422.000000	0.356223
423.000000	0.355495
424.000000	0.354641
425.000000	0.353621
426.000000	0.352573
427.000000	0.351545
428.000000	0.350556
429.000000	0.349563
430.000000	0.348632
431.000000	0.347698
432.000000	0.346842
433.000000	0.346043
434.000000	0.345227
435.000000	0.344539
436.000000	0.343877
437.000000	0.343235
438.000000	0.342715
439.000000	0.342111
440.000000	0.341581
441.000000	0.341108
442.000000	0.340658
443.000000	0.340225
444.000000	0.339798
445.000000	0.339431
446.000000	0.339128
447.000000	0.338759
448.000000	0.338367
449.000000	0.338032
450.000000	0.337689
451.000000	0.337387
452.000000	0.337133
453.000000	0.336900
454.000000	0.336604
455.000000	0.336351
456.000000	0.336100
457.000000	0.335872
458.000000	0.335672
459.000000	0.335387
460.000000	0.335144
461.000000	0.334928
462.000000	0.334743
463.000000	0.334490
464.000000	0.334282
465.000000	0.334039
466.000000	0.333935
467.000000	0.333615
468.000000	0.333409
469.000000	0.333203
470.000000	0.333049
471.000000	0.332821
472.000000	0.332603
473.000000	0.332407
474.000000	0.332264
475.000000	0.332021
476.000000	0.331890
477.000000	0.331691
478.000000	0.331521
479.000000	0.331385
480.000000	0.331183
481.000000	0.331056
482.000000	0.330865
483.000000	0.330652
484.000000	0.330531
485.000000	0.330349
486.000000	0.330172
487.000000	0.329986
488.000000	0.329896
489.000000	0.329640
490.000000	0.329463
491.000000	0.329292
492.000000	0.329166
493.000000	0.328981
494.000000	0.328801
495.000000	0.328639
496.000000	0.328426
497.000000	0.328272
498.000000	0.328167
499.000000	0.327975
500.000000	0.327827
501.000000	0.327695
502.000000	0.327583
503.000000	0.327381
504.000000	0.327215
505.000000	0.327081
506.000000	0.326958
507.000000	0.326884
508.000000	0.326745
509.000000	0.326630
510.000000	0.326581
511.000000	0.326407
512.000000	0.326291
513.000000	0.326182
514.000000	0.326062
515.000000	0.326044
516.000000	0.325838
517.000000	0.325722
518.000000	0.325601
519.000000	0.325481
520.000000	0.325378
521.000000	0.325285
522.000000	0.325199
523.000000	0.325103
524.000000	0.325001
525.000000	0.324990
526.000000	0.324837
527.000000	0.324741
528.000000	0.324650
529.000000	0.324572
530.000000	0.324500
531.000000	0.324395
532.000000	0.324291
533.000000	0.324206
534.000000	0.324080
535.000000	0.323943
536.000000	0.323910
537.000000	0.323773
538.000000	0.323677
539.000000	0.323603
540.000000	0.323475
541.000000	0.323444
542.000000	0.324536
543.000000	0.342854
544.000000	0.380120
545.000000	0.422418
546.000000	0.456924
547.000000	0.475586
548.000000	0.485299
549.000000	0.489957
550.000000	0.491853
551.000000	0.492130
552.000000	0.491597
553.000000	0.490670
554.000000	0.489589
555.000000	0.488427
556.000000	0.487347
557.000000	0.486236
558.000000	0.485247
559.000000	0.484330
560.000000	0.483412
561.000000	0.482649
562.000000	0.481909
563.000000	0.481216
564.000000	0.480523
565.000000	0.479903
566.000000	0.479339
567.000000	0.478826
568.000000	0.478315
569.000000	0.477896
570.000000	0.477377
571.000000	0.476991
572.000000	0.476590
573.000000	0.476199
574.000000	0.475839
575.000000	0.475481
576.000000	0.475176
577.000000	0.474857
578.000000	0.474581
579.000000	0.474419
580.000000	0.474066
581.000000	0.473782
582.000000	0.473609
583.000000	0.473359
584.000000	0.473145
585.000000	0.472974
586.000000	0.472726
587.000000	0.472591
588.000000	0.472337
589.000000	0.472126
590.000000	0.471958
591.000000	0.471657
592.000000	0.471528
593.000000	0.471284
594.000000	0.471104
595.000000	0.470946
596.000000	0.470731
597.000000	0.470507
598.000000	0.470369
599.000000	0.470303
600.000000	0.470042
601.000000	0.469833
602.000000	0.469633
603.000000	0.469518
604.000000	0.469315
605.000000	0.469225
606.000000	0.468982
607.000000	0.468801
608.000000	0.468625
609.000000	0.468523
610.000000	0.468302
611.000000	0.468140
612.000000	0.467967
613.000000	0.467827
614.000000	0.467678
615.000000	0.467569
616.000000	0.467355
617.000000	0.467240
618.000000	0.467141
619.000000	0.467008
620.000000	0.466932
621.000000	0.466788
622.000000	0.466722
623.000000	0.466618
624.000000	0.466426
625.000000	0.466337
626.000000	0.466334
627.000000	0.466128
628.000000	0.466070
629.000000	0.466016
630.000000	0.465829
631.000000	0.465709
632.000000	0.465619
633.000000	0.465519
634.000000	0.465461
635.000000	0.465274
636.000000	0.465227
637.000000	0.465025
638.000000	0.464984
639.000000	0.464797
640.000000	0.464733
641.000000	0.464614
642.000000	0.464593
643.000000	0.464409
644.000000	0.464343
645.000000	0.464318
646.000000	0.464133
647.000000	0.464057
648.000000	0.463987
649.000000	0.463870
650.000000	0.463775
651.000000	0.463683
652.000000	0.463616
653.000000	0.463628
654.000000	0.463416
655.000000	0.463345
656.000000	0.463273
657.000000	0.463200
658.000000	0.463172
659.000000	0.463049
660.000000	0.462942
661.000000	0.462853
662.000000	0.462741
663.000000	0.462765
664.000000	0.462609
665.000000	0.462656
666.000000	0.462547
667.000000	0.462401
668.000000	0.462335
669.000000	0.462255
670.000000	0.462201
671.000000	0.462098
672.000000	0.462007
673.000000	0.461947
674.000000	0.461856
675.000000	0.461759
676.000000	0.461683
677.000000	0.461659
678.000000	0.461538
679.000000	0.461535
680.000000	0.461395
681.000000	0.461354
682.000000	0.461249
683.000000	0.461194
684.000000	0.461139
685.000000	0.461016
686.000000	0.460945
687.000000	0.460846
688.000000	0.460774
689.000000	0.460679
690.000000	0.502025
691.000000	0.721942
692.000000	1.236644
693.000000	1.490326
694.000000	1.544283
695.000000	1.555074
696.000000	1.556509
697.000000	1.556186
698.000000	1.555589
699.000000	1.555115
700.000000	1.554567
701.000000	1.554306
702.000000	1.553817
703.000000	1.553621
704.000000	1.553175
705.000000	1.552971
706.000000	1.552653
707.000000	1.552424
708.000000	1.552291
709.000000	1.552052
710.000000	1.551856
711.000000	1.551754
712.000000	1.551646
713.000000	1.551585
714.000000	1.551632
715.000000	1.551208
716.000000	1.551106
717.000000	1.551028
718.000000	1.551007
719.000000	1.550894
720.000000	1.550807
721.000000	1.550633
722.000000	1.550614
723.000000	1.550527
724.000000	1.550338
725.000000	1.550408
726.000000	1.550259
727.000000	1.550082
728.000000	1.549952
729.000000	1.549898
730.000000	1.549980
731.000000	1.549736
732.000000	1.549759
733.000000	1.549633
734.000000	1.549553
735.000000	1.549573
736.000000	1.549528
737.000000	1.549556
738.000000	1.549442
739.000000	1.549307
740.000000	1.549217
741.000000	1.549128
742.000000	1.549136
743.000000	1.548964
744.000000	1.548909
745.000000	1.548868
746.000000	1.548807
747.000000	1.548782
748.000000	1.548660
749.000000	1.548607
750.000000	1.548518
751.000000	1.548383
752.000000	1.548262
753.000000	1.548279
754.000000	1.548193
755.000000	1.548241
756.000000	1.548280
757.000000	1.548013
758.000000	1.548092
759.000000	1.548171
760.000000	1.547805
761.000000	1.547934
762.000000	1.547840
763.000000	1.547909
764.000000	1.547725
765.000000	1.547775
766.000000	1.547786
767.000000	1.547665
768.000000	1.547772
769.000000	1.547564
770.000000	1.547469
771.000000	1.547550
772.000000	1.547462
773.000000	1.547428
774.000000	1.547459
775.000000	1.547415
776.000000	1.547352
777.000000	1.547332
778.000000	1.547293
779.000000	1.547295
780.000000	1.547273
781.000000	1.547224
782.000000	1.547113
783.000000	1.547236
784.000000	1.547315
785.000000	1.547182
786.000000	1.547165
787.000000	1.547125
788.000000	1.636118
789.000000	1.607959
790.000000	2.262109
791.000000	3.677498
792.000000	4.724784
793.000000	5.311807
794.000000	5.321158
795.000000	5.323209
796.000000	5.324591
797.000000	5.324953
798.000000	5.325516
799.000000	5.325576
800.000000	5.325395
801.000000	5.326109
802.000000	5.325069
803.000000	5.325043
804.000000	5.324662
805.000000	5.324360
806.000000	5.323887
807.000000	5.323626
808.000000	5.323445
809.000000	5.323460
810.000000	5.323394
811.000000	5.323576
812.000000	5.322721
813.000000	5.322022
814.000000	5.322153
815.000000	5.322213
816.000000	5.321439
817.000000	5.321550
818.000000	5.321007
819.000000	5.320755
820.000000	5.320695
821.000000	5.320197
822.000000	5.320237
823.000000	5.320061
824.000000	5.319810
825.000000	5.319800
826.000000	5.319660
827.000000	5.319428
828.000000	5.319378
829.000000	5.319117
830.000000	5.318996
831.000000	5.319086
832.000000	5.318765
833.000000	5.318619
834.000000	5.318352
835.000000	5.319117
836.000000	5.318845
837.000000	5.318312
838.000000	5.318222
839.000000	5.317955
840.000000	5.317759
841.000000	5.317940
842.000000	5.317860
843.000000	5.317573
844.000000	5.317473
845.000000	5.317413
846.000000	5.317533
847.000000	5.317442
848.000000	5.317000
849.000000	5.317071
850.000000	5.317071
851.000000	5.317171
852.000000	5.316970
853.000000	5.317055
854.000000	5.316819
855.000000	5.317046
856.000000	5.316492
857.000000	5.316553
858.000000	5.316432
859.000000	5.316372
860.000000	5.316357
861.000000	5.316417
862.000000	5.316478
863.000000	5.316809
864.000000	5.316221
865.000000	5.470194
866.000000	6.429038
867.000000	8.051045
868.000000	11.943521
869.000000	14.320402
870.000000	14.533958
871.000000	14.550722
872.000000	14.561412
873.000000	14.563792
874.000000	14.564122
875.000000	14.563670
876.000000	14.558396
877.000000	14.557310
878.000000	14.557720
879.000000	14.555524
880.000000	14.554868
881.000000	14.551010
882.000000	14.550230
883.000000	14.548280
884.000000	14.547952
885.000000	14.546290
886.000000	14.545880
887.000000	14.544362
888.000000	14.545346
889.000000	14.542822
890.000000	14.539930
891.000000	14.539560
892.000000	14.536728
893.000000	14.534534
894.000000	14.537324
895.000000	14.534656
896.000000	14.536380
897.000000	14.540382
898.000000	14.538412
899.000000	14.538124
900.000000	14.539028
901.000000	14.540258
902.000000	14.537222
903.000000	14.536380
904.000000	14.538944
905.000000	14.535272
906.000000	14.534492
907.000000	14.535066
908.000000	14.532748
909.000000	14.530942
910.000000	14.534370
911.000000	14.535272
912.000000	14.535560
913.000000	14.536010
914.000000	14.537796
915.000000	14.535846
916.000000	14.536174
917.000000	14.533630
918.000000	14.526408
919.000000	14.527558
920.000000	14.532564
921.000000	14.538124
922.000000	14.540566
923.000000	14.538390
924.000000	14.537488
925.000000	14.535150
926.000000	14.535170
927.000000	14.536504
928.000000	14.535232
929.000000	14.534492
930.000000	14.535066
931.000000	14.536852
932.000000	14.534984
933.000000	14.535436
934.000000	14.536832
935.000000	14.541386
936.000000	14.539970
937.000000	14.539356
938.000000	14.538760
939.000000	14.538268
940.000000	14.539992
941.000000	14.538740
942.000000	14.537530
943.000000	14.539396
944.000000	14.542556
945.000000	14.541490
946.000000	14.543870
947.000000	14.539150
948.000000	14.539786
949.000000	14.539806
950.000000	14.536996
951.000000	14.535928
952.000000	14.538596
953.000000	14.535970
954.000000	14.539232
955.000000	14.544814
956.000000	14.548302
957.000000	14.551954
958.000000	14.552610
959.000000	14.548630
960.000000	14.546496
961.000000	14.547604
962.000000	14.548712
963.000000	14.551318
964.000000	14.550640
965.000000	14.548752
966.000000	14.550354
967.000000	14.552774
968.000000	14.552406
969.000000	14.553698
970.000000	10.216674
971.000000	7.033097
972.000000	5.817740
973.000000	5.386152
974.000000	5.321439
975.000000	5.317850
976.000000	5.316623
977.000000	5.316095
978.000000	5.316161
979.000000	5.315683
980.000000	5.315582
981.000000	5.316091
982.000000	5.316458
983.000000	5.316638
984.000000	5.315955
985.000000	5.316156
986.000000	5.316256
987.000000	5.316397
988.000000	5.317061
989.000000	5.316920
990.000000	5.316729
991.000000	5.316829
992.000000	5.317387
993.000000	5.316633
994.000000	5.316814
995.000000	5.316719
996.000000	5.316518
997.000000	5.316478
998.000000	5.316699
999.000000	5.317161
1000.000000	5.316658
1001.000000	5.316699
1002.000000	5.316749
1003.000000	5.316995
1004.000000	5.316920
1005.000000	5.317262
1006.000000	5.317196
1007.000000	5.317021
1008.000000	5.317282
1009.000000	5.317191
1010.000000	5.316980
1011.000000	5.316809
1012.000000	5.317478
1013.000000	5.316804
1014.000000	5.316784
1015.000000	5.316628
1016.000000	5.316236
1017.000000	5.316125
1018.000000	5.316171
1019.000000	5.316498
1020.000000	5.315879
1021.000000	5.315995
1022.000000	5.316276
1023.000000	5.316216
1024.000000	5.316136
1025.000000	5.315844
1026.000000	5.315834
1027.000000	5.315929
1028.000000	5.315784
1029.000000	5.315965
1030.000000	5.315884
1031.000000	5.315915
1032.000000	5.315965
1033.000000	5.316779
1034.000000	5.315949
1035.000000	5.316025
1036.000000	5.315764
1037.000000	5.315573
1038.000000	5.315753
1039.000000	5.315602
1040.000000	5.315884
1041.000000	5.315949
1042.000000	5.315764
1043.000000	5.315688
1044.000000	5.315975
1045.000000	5.315673
1046.000000	5.315703
1047.000000	5.315753
1048.000000	5.316447
1049.000000	5.316251
1050.000000	5.315406
1051.000000	5.316045
1052.000000	5.315879
1053.000000	5.315724
1054.000000	5.315774
1055.000000	5.315573
1056.000000	5.315643
1057.000000	5.315844
1058.000000	5.316116
1059.000000	5.316095
1060.000000	5.316171
1061.000000	5.316015
1062.000000	5.279903
1063.000000	4.355495
1064.000000	4.143936
1065.000000	3.338148
1066.000000	2.342494
1067.000000	1.750506
1068.000000	1.598028
1069.000000	1.563323
1070.000000	1.553815
1071.000000	1.550463
1072.000000	1.549158
1073.000000	1.548223
1074.000000	1.547603
1075.000000	1.547221
1076.000000	1.546694
1077.000000	1.546380
1078.000000	1.546097
1079.000000	1.545823
1080.000000	1.545690
1081.000000	1.545465
1082.000000	1.545387
1083.000000	1.545019
1084.000000	1.544855
1085.000000	1.544823
1086.000000	1.544675
1087.000000	1.544548
1088.000000	1.544539
1089.000000	1.544393
1090.000000	1.544375
1091.000000	1.544291
1092.000000	1.544240
1093.000000	1.544290
1094.000000	1.544107
1095.000000	1.544046
1096.000000	1.544060
1097.000000	1.544025
1098.000000	1.543855
1099.000000	1.543868
1100.000000	1.543840
1101.000000	1.543807
1102.000000	1.543801
1103.000000	1.543942
1104.000000	1.543677
1105.000000	1.543671
1106.000000	1.543726
1107.000000	1.543623
1108.000000	1.543693
1109.000000	1.543737
1110.000000	1.543625
1111.000000	1.543578
1112.000000	1.543591
1113.000000	1.543505
1114.000000	1.543582
1115.000000	1.543591
1116.000000	1.543682
1117.000000	1.543466
1118.000000	1.543618
1119.000000	1.543715
1120.000000	1.543480
1121.000000	1.543592
1122.000000	1.543557
1123.000000	1.543447
1124.000000	1.543715
1125.000000	1.543557
1126.000000	1.543455
1127.000000	1.543593
1128.000000	1.543507
1129.000000	1.543521
1130.000000	1.543509
1131.000000	1.543436
1132.000000	1.543491
1133.000000	1.543437
1134.000000	1.543440
1135.000000	1.543452
1136.000000	1.543451
1137.000000	1.543591
1138.000000	1.543351
1139.000000	1.543347
1140.000000	1.543563
1141.000000	1.543515
1142.000000	1.543386
1143.000000	1.543549
1144.000000	1.543345
1145.000000	1.543373
1146.000000	1.543260
1147.000000	1.543294
1148.000000	1.543257
1149.000000	1.543341
1150.000000	1.543250
1151.000000	1.543221
1152.000000	1.543240
1153.000000	1.478326
1154.000000	1.088447
1155.000000	0.804415
1156.000000	0.640534
1157.000000	0.542881
1158.000000	0.493744
1159.000000	0.465891
1160.000000	0.449987
1161.000000	0.440898
1162.000000	0.435659
1163.000000	0.432706
1164.000000	0.431113
1165.000000	0.430287
1166.000000	0.429940
1167.000000	0.429733
1168.000000	0.429806
1169.000000	0.429834
1170.000000	0.429960
1171.000000	0.430105
1172.000000	0.430185
1173.000000	0.430378
1174.000000	0.430403
1175.000000	0.430495
1176.000000	0.430644
1177.000000	0.430672
1178.000000	0.430846
1179.000000	0.430808
1180.000000	0.430867
1181.000000	0.430917
1182.000000	0.430945
1183.000000	0.431017
1184.000000	0.431085
1185.000000	0.431109
1186.000000	0.431159
1187.000000	0.431212
1188.000000	0.431225
1189.000000	0.431321
1190.000000	0.431309
1191.000000	0.431422
1192.000000	0.431308
1193.000000	0.431378
1194.000000	0.431328
1195.000000	0.431364
1196.000000	0.431359
1197.000000	0.431382
1198.000000	0.431346
1199.000000	0.431407
1200.000000	0.431351
1201.000000	0.431395
1202.000000	0.431361
1203.000000	0.431355
1204.000000	0.431339
1205.000000	0.431329
1206.000000	0.431273
1207.000000	0.431312
1208.000000	0.431222
1209.000000	0.431287
1210.000000	0.431163
1211.000000	0.431136
1212.000000	0.431117
1213.000000	0.431186
1214.000000	0.431072
1215.000000	0.431053
1216.000000	0.431008
1217.000000	0.430989
1218.000000	0.430985
1219.000000	0.430990
1220.000000	0.430940
1221.000000	0.430943
1222.000000	0.430890
1223.000000	0.430899
1224.000000	0.430926
1225.000000	0.430899
1226.000000	0.430883
1227.000000	0.430827
1228.000000	0.430887
1229.000000	0.430799
1230.000000	0.430823
1231.000000	0.430781
1232.000000	0.430733
1233.000000	0.430720
1234.000000	0.430715
1235.000000	0.430708
1236.000000	0.430683
1237.000000	0.430679
1238.000000	0.430647
1239.000000	0.430591
1240.000000	0.422148
1241.000000	0.385937
1242.000000	0.343386
1243.000000	0.309368
1244.000000	0.285734
1245.000000	0.269533
1246.000000	0.258501
1247.000000	0.251073
1248.000000	0.246224
1249.000000	0.243117
1250.000000	0.241300
1251.000000	0.240399
1252.000000	0.240149
1253.000000	0.240325
1254.000000	0.240764
1255.000000	0.241415
1256.000000	0.242170
1257.000000	0.242973
1258.000000	0.243839
1259.000000	0.244688
1260.000000	0.245545
1261.000000	0.246400
1262.000000	0.247213
1263.000000	0.247917
1264.000000	0.248651
1265.000000	0.249360
1266.000000	0.250019
1267.000000	0.250668
1268.000000	0.251184
1269.000000	0.251731
1270.000000	0.252217
1271.000000	0.252698
1272.000000	0.253131
1273.000000	0.253603
1274.000000	0.253956
1275.000000	0.254336
1276.000000	0.254690
1277.000000	0.255028
1278.000000	0.255300
1279.000000	0.255608
1280.000000	0.255915
1281.000000	0.256118
1282.000000	0.256340
1283.000000	0.256536
1284.000000	0.256760
1285.000000	0.256942
1286.000000	0.257107
1287.000000	0.257269
1288.000000	0.257410
1289.000000	0.257554
1290.000000	0.257733
1291.000000	0.257833
1292.000000	0.258016
1293.000000	0.258068
1294.000000	0.258171
1295.000000	0.258288
1296.000000	0.258416
1297.000000	0.258445
1298.000000	0.258528
1299.000000	0.258601
1300.000000	0.258684
1301.000000	0.258750
1302.000000	0.258811
1303.000000	0.258938
1304.000000	0.258954
1305.000000	0.258946
1306.000000	0.258995
1307.000000	0.259029
1308.000000	0.259074
1309.000000	0.259146
1310.000000	0.259197
1311.000000	0.259257
1312.000000	0.259265
1313.000000	0.259287
1314.000000	0.259312
1315.000000	0.259368
1316.000000	0.259425
1317.000000	0.259429
1318.000000	0.259438
1319.000000	0.259457
1320.000000	0.259512
1321.000000	0.259524
1322.000000	0.259499
1323.000000	0.259537
1324.000000	0.259557
1325.000000	0.259572
1326.000000	0.259578
1327.000000	0.259584
1328.000000	0.259541
1329.000000	0.259586
1330.000000	0.259574
1331.000000	0.259648
1332.000000	0.259615
1333.000000	0.259617
1334.000000	0.259619
1335.000000	0.259636
1336.000000	0.259684
1337.000000	0.259676
1338.000000	0.259685
1339.000000	0.259715
1340.000000	0.259756
1341.000000	0.259747
1342.000000	0.259748
1343.000000	0.259746
1344.000000	0.259826
1345.000000	0.256006
1346.000000	0.237786
1347.000000	0.223010
1348.000000	0.217299
1349.000000	0.213687
1350.000000	0.211035
1351.000000	0.208868
1352.000000	0.207452
1353.000000	0.206589
1354.000000	0.206141
1355.000000	0.206001
1356.000000	0.206089
1357.000000	0.206299
1358.000000	0.206616
1359.000000	0.207003
1360.000000	0.207428
1361.000000	0.207868
1362.000000	0.208324
1363.000000	0.208775
1364.000000	0.209233
1365.000000	0.209653
1366.000000	0.210062
1367.000000	0.210479
1368.000000	0.210819
1369.000000	0.211176
1370.000000	0.211498
1371.000000	0.211759
1372.000000	0.212058
1373.000000	0.212326
1374.000000	0.212559
1375.000000	0.212792
1376.000000	0.212962
1377.000000	0.213134
1378.000000	0.213315
1379.000000	0.213448
1380.000000	0.213608
1381.000000	0.213713
1382.000000	0.213835
1383.000000	0.213961
1384.000000	0.214027
1385.000000	0.214111
1386.000000	0.214212
1387.000000	0.214330
1388.000000	0.214350
1389.000000	0.214418
1390.000000	0.214484
1391.000000	0.214532
1392.000000	0.214591
1393.000000	0.214604
1394.000000	0.214650
1395.000000	0.214672
1396.000000	0.214705
1397.000000	0.214719
1398.000000	0.214792
1399.000000	0.214799
1400.000000	0.214851
1401.000000	0.214859
1402.000000	0.214877
1403.000000	0.214907
1404.000000	0.214909
1405.000000	0.214931
1406.000000	0.214934
1407.000000	0.214952
1408.000000	0.215025
1409.000000	0.215007
1410.000000	0.215016
1411.000000	0.215024
1412.000000	0.215045
1413.000000	0.215059
1414.000000	0.215073
1415.000000	0.215066
1416.000000	0.215083
1417.000000	0.215076
1418.000000	0.215095
1419.000000	0.215061
1420.000000	0.215089
1421.000000	0.215088
1422.000000	0.215078
1423.000000	0.215077
1424.000000	0.215089
1425.000000	0.215084
1426.000000	0.215069
1427.000000	0.215063
1428.000000	0.215066
1429.000000	0.215072
1430.000000	0.215086
1431.000000	0.215082
1432.000000	0.215090
1433.000000	0.215092
1434.000000	0.215047
1435.000000	0.215041
1436.000000	0.215015
1437.000000	0.214997
1438.000000	0.214988
1439.000000	0.214977
1440.000000	0.214971
1441.000000	0.214966
1442.000000	0.214949
1443.000000	0.214948
1444.000000	0.214935
1445.000000	0.214950
1446.000000	0.214923
1447.000000	0.214926
1448.000000	0.214916
1449.000000	0.214949
1450.000000	0.214956
1451.000000	0.214958
1452.000000	0.214978
1453.000000	0.214977
1454.000000	0.214979
1455.000000	0.214989
1456.000000	0.214940
1457.000000	0.214918
1458.000000	0.214910
1459.000000	0.214910
1460.000000	0.254504
1461.000000	0.313600
1462.000000	0.355967
1463.000000	1000.000000
1464.000000	1000.000000
1465.000000	1000.000000
1466.000000	1000.000000
1467.000000	1000.000000
1468.000000	1000.000000
1469.000000	1000.000000
1470.000000	1000.000000
1471.000000	1000.000000
1472.000000	1000.000000
1473.000000	1000.000000
1474.000000	1000.000000
1475.000000	1000.000000
1476.000000	1000.000000
1477.000000	1000.000000
1478.000000	1000.000000
1479.000000	1000.000000
1480.000000	1000.000000
1481.000000	1000.000000
1482.000000	1000.000000
1483.000000	1000.000000
1484.000000	1000.000000
1485.000000	1000.000000
1486.000000	1000.000000
1487.000000	1000.000000
1488.000000	1000.000000
1489.000000	1000.000000
1490.000000	1000.000000
1491.000000	1000.000000
1492.000000	1000.000000
1493.000000	1000.000000
1494.000000	1000.000000
1495.000000	1000.000000
1496.000000	1000.000000
1497.000000	1000.000000
1498.000000	1000.000000
1499.000000	1000.000000
1500.000000	1000.000000
1501.000000	1000.000000
1502.000000	1000.000000
1503.000000	1000.000000
1504.000000	1000.000000
1505.000000	1000.000000
1506.000000	1000.000000
1507.000000	1000.000000
1508.000000	1000.000000
1509.000000	1000.000000
1510.000000	1000.000000
1511.000000	1000.000000
1512.000000	1000.000000
1513.000000	1000.000000
1514.000000	1000.000000
1515.000000	1000.000000
1516.000000	1000.000000
1517.000000	1000.000000
1518.000000	1000.000000
1519.000000	1000.000000
